sample_position,anchor_date,target_date,close_t,actual_dce_corn_close,predicted_dce_corn_close,mase_scale,selected_threshold,threshold_calibration_end_date,n_threshold_samples,actual_return,predicted_return,actual_trend,predicted_trend_threshold_0,predicted_trend_selected,horizon,lookback,split_strategy,model,feature_set,seed
1947,2024-07-04,2024-07-25,2472.0,2350.0,2444.754721084906,12.744172145845786,0.02,2024-07-03,224,-0.04935275080906154,-0.011021552959180392,0,0,0,15,20,chronological_712,rnn,full_safe,42
1948,2024-07-05,2024-07-26,2469.0,2357.0,2435.6990909666965,12.744172145845786,0.02,2024-07-03,224,-0.045362494937221554,-0.013487609977036685,0,0,0,15,20,chronological_712,rnn,full_safe,42
1949,2024-07-08,2024-07-29,2459.0,2347.0,2430.9105783176037,12.744172145845786,0.02,2024-07-03,224,-0.04554697031313537,-0.011423107638225405,0,0,0,15,20,chronological_712,rnn,full_safe,42
1950,2024-07-09,2024-07-30,2436.0,2339.0,2405.80481097381,12.744172145845786,0.02,2024-07-03,224,-0.03981937602627261,-0.01239539779400245,0,0,0,15,20,chronological_712,rnn,full_safe,42
1951,2024-07-10,2024-07-31,2420.0,2351.0,2403.9480135162066,12.744172145845786,0.02,2024-07-03,224,-0.028512396694214903,-0.0066330522660302815,0,0,0,15,20,chronological_712,rnn,full_safe,42
1952,2024-07-11,2024-08-01,2413.0,2337.0,2374.921740742853,12.744172145845786,0.02,2024-07-03,224,-0.03149606299212604,-0.015780463844652592,0,0,0,15,20,chronological_712,rnn,full_safe,42
1953,2024-07-12,2024-08-02,2404.0,2321.0,2363.27842251159,12.744172145845786,0.02,2024-07-03,224,-0.03452579034941761,-0.01693909213328193,0,0,0,15,20,chronological_712,rnn,full_safe,42
1954,2024-07-15,2024-08-05,2384.0,2281.0,2349.175996678424,12.744172145845786,0.02,2024-07-03,224,-0.04320469798657722,-0.01460738394361416,0,0,0,15,20,chronological_712,rnn,full_safe,42
1955,2024-07-16,2024-08-06,2381.0,2265.0,2340.1317432297637,12.744172145845786,0.02,2024-07-03,224,-0.0487190256194876,-0.017164324557008115,0,0,0,15,20,chronological_712,rnn,full_safe,42
1956,2024-07-17,2024-08-07,2388.0,2274.0,2333.449760762547,12.744172145845786,0.02,2024-07-03,224,-0.047738693467336724,-0.02284348376777756,0,0,0,15,20,chronological_712,rnn,full_safe,42
1957,2024-07-18,2024-08-08,2394.0,2300.0,2336.6427132611816,12.744172145845786,0.02,2024-07-03,224,-0.039264828738513,-0.023958766390483888,0,0,0,15,20,chronological_712,rnn,full_safe,42
1958,2024-07-19,2024-08-09,2395.0,2319.0,2332.6094921642753,12.744172145845786,0.02,2024-07-03,224,-0.03173277661795404,-0.02605031642410216,0,0,0,15,20,chronological_712,rnn,full_safe,42
1959,2024-07-22,2024-08-12,2406.0,2303.0,2337.612641804918,12.744172145845786,0.02,2024-07-03,224,-0.04280964256026598,-0.028423673397789728,0,0,0,15,20,chronological_712,rnn,full_safe,42
1960,2024-07-23,2024-08-13,2393.0,2294.0,2334.033422258759,12.744172145845786,0.02,2024-07-03,224,-0.041370664437944016,-0.024641277785725446,0,0,0,15,20,chronological_712,rnn,full_safe,42
1961,2024-07-24,2024-08-14,2371.0,2286.0,2324.620300539351,12.744172145845786,0.02,2024-07-03,224,-0.03584985238296079,-0.019561239755651272,0,0,0,15,20,chronological_712,rnn,full_safe,42
1962,2024-07-25,2024-08-15,2350.0,2300.0,2315.8705764245824,12.744172145845786,0.02,2024-07-03,224,-0.021276595744680882,-0.01452315896826284,0,0,0,15,20,chronological_712,rnn,full_safe,42
1963,2024-07-26,2024-08-16,2357.0,2254.0,2325.5632290221465,12.744172145845786,0.02,2024-07-03,224,-0.04369961815867629,-0.013337620270620909,0,0,0,15,20,chronological_712,rnn,full_safe,42
1964,2024-07-29,2024-08-19,2347.0,2287.0,2330.108414451862,12.744172145845786,0.02,2024-07-03,224,-0.02556455048998718,-0.007197096526688651,0,0,0,15,20,chronological_712,rnn,full_safe,42
1965,2024-07-30,2024-08-20,2339.0,2285.0,2327.3667081058566,12.744172145845786,0.02,2024-07-03,224,-0.023086789226165028,-0.004973617740121172,0,0,0,15,20,chronological_712,rnn,full_safe,42
1966,2024-07-31,2024-08-21,2351.0,2303.0,2344.540181375556,12.744172145845786,0.02,2024-07-03,224,-0.020416843896214343,-0.002747689759440175,0,0,0,15,20,chronological_712,rnn,full_safe,42
1967,2024-08-01,2024-08-22,2337.0,2324.0,2339.790301112449,12.744172145845786,0.02,2024-07-03,224,-0.005562687205819428,0.0011939670998926122,0,1,0,15,20,chronological_712,rnn,full_safe,42
1968,2024-08-02,2024-08-23,2321.0,2312.0,2329.7502268995922,12.744172145845786,0.02,2024-07-03,224,-0.0038776389487289453,0.003770024515119541,0,1,0,15,20,chronological_712,rnn,full_safe,42
1969,2024-08-05,2024-08-26,2281.0,2333.0,2299.4992861858677,12.744172145845786,0.02,2024-07-03,224,0.02279701885138108,0.008110164921467655,1,1,0,15,20,chronological_712,rnn,full_safe,42
1970,2024-08-06,2024-08-27,2265.0,2345.0,2286.92234959277,12.744172145845786,0.02,2024-07-03,224,0.03532008830022071,0.00967874154206183,1,1,0,15,20,chronological_712,rnn,full_safe,42
1971,2024-08-07,2024-08-28,2274.0,2343.0,2291.5469870692514,12.744172145845786,0.02,2024-07-03,224,0.03034300791556732,0.0077163531527051354,1,1,0,15,20,chronological_712,rnn,full_safe,42
1972,2024-08-08,2024-08-29,2300.0,2344.0,2312.819498522864,12.744172145845786,0.02,2024-07-03,224,0.019130434782608674,0.00557369500994076,1,1,0,15,20,chronological_712,rnn,full_safe,42
1973,2024-08-09,2024-08-30,2319.0,2338.0,2325.556652994679,12.744172145845786,0.02,2024-07-03,224,0.00819318671841307,0.002827362222802554,1,1,0,15,20,chronological_712,rnn,full_safe,42
1974,2024-08-12,2024-09-02,2303.0,2287.0,2325.1597904471746,12.744172145845786,0.02,2024-07-03,224,-0.006947459834997782,0.009622140880232166,0,1,0,15,20,chronological_712,rnn,full_safe,42
1975,2024-08-13,2024-09-03,2294.0,2272.0,2319.515414214585,12.744172145845786,0.02,2024-07-03,224,-0.009590235396687019,0.011122674025538348,0,1,0,15,20,chronological_712,rnn,full_safe,42
1976,2024-08-14,2024-09-04,2286.0,2289.0,2318.5263115086864,12.744172145845786,0.02,2024-07-03,224,0.001312335958005173,0.014228482724709668,1,1,0,15,20,chronological_712,rnn,full_safe,42
1977,2024-08-15,2024-09-05,2300.0,2282.0,2329.80632907777,12.744172145845786,0.02,2024-07-03,224,-0.00782608695652176,0.012959273512073821,0,1,0,15,20,chronological_712,rnn,full_safe,42
1978,2024-08-16,2024-09-06,2254.0,2268.0,2298.0759384177904,12.744172145845786,0.02,2024-07-03,224,0.006211180124223503,0.01955454233264886,1,1,0,15,20,chronological_712,rnn,full_safe,42
1979,2024-08-19,2024-09-09,2287.0,2224.0,2315.323303227229,12.744172145845786,0.02,2024-07-03,224,-0.02754700480979444,0.0123844788925358,0,1,0,15,20,chronological_712,rnn,full_safe,42
1980,2024-08-20,2024-09-10,2285.0,2208.0,2303.6075421707014,12.744172145845786,0.02,2024-07-03,224,-0.03369803063457333,0.008143344494836446,0,1,0,15,20,chronological_712,rnn,full_safe,42
1981,2024-08-21,2024-09-11,2303.0,2209.0,2325.0615619245727,12.744172145845786,0.02,2024-07-03,224,-0.04081632653061229,0.009579488460517815,0,1,0,15,20,chronological_712,rnn,full_safe,42
1982,2024-08-22,2024-09-12,2324.0,2197.0,2333.377836349815,12.744172145845786,0.02,2024-07-03,224,-0.054647160068846845,0.0040352135756518415,0,1,0,15,20,chronological_712,rnn,full_safe,42
1983,2024-08-23,2024-09-13,2312.0,2200.0,2327.178985956749,12.744172145845786,0.02,2024-07-03,224,-0.04844290657439443,0.006565305344614636,0,1,0,15,20,chronological_712,rnn,full_safe,42
1984,2024-08-26,2024-09-18,2333.0,2199.0,2347.6320931411383,12.744172145845786,0.02,2024-07-03,224,-0.05743677668238323,0.006271793030920847,0,1,0,15,20,chronological_712,rnn,full_safe,42
1985,2024-08-27,2024-09-19,2345.0,2174.0,2348.7825854801085,12.744172145845786,0.02,2024-07-03,224,-0.0729211087420043,0.0016130428486602622,0,1,0,15,20,chronological_712,rnn,full_safe,42
1986,2024-08-28,2024-09-20,2343.0,2164.0,2350.577059809144,12.744172145845786,0.02,2024-07-03,224,-0.07639778062313274,0.003233913704286717,0,1,0,15,20,chronological_712,rnn,full_safe,42
1987,2024-08-29,2024-09-23,2344.0,2138.0,2343.928426181006,12.744172145845786,0.02,2024-07-03,224,-0.08788395904436863,-3.053490571403028e-05,0,0,0,15,20,chronological_712,rnn,full_safe,42
1988,2024-08-30,2024-09-24,2338.0,2150.0,2342.225590144022,12.744172145845786,0.02,2024-07-03,224,-0.08041060735671512,0.0018073524995818602,0,1,0,15,20,chronological_712,rnn,full_safe,42
1989,2024-09-02,2024-09-25,2287.0,2142.0,2293.8030615984835,12.744172145845786,0.02,2024-07-03,224,-0.06340183646698727,0.0029746661995992962,0,1,0,15,20,chronological_712,rnn,full_safe,42
1990,2024-09-03,2024-09-26,2272.0,2150.0,2270.4028217759183,12.744172145845786,0.02,2024-07-03,224,-0.053697183098591506,-0.0007029833732754565,0,0,0,15,20,chronological_712,rnn,full_safe,42
1991,2024-09-04,2024-09-27,2289.0,2179.0,2272.702222810095,12.744172145845786,0.02,2024-07-03,224,-0.04805591961555267,-0.007120042459547782,0,0,0,15,20,chronological_712,rnn,full_safe,42
1992,2024-09-05,2024-09-30,2282.0,2225.0,2259.5403251386833,12.744172145845786,0.02,2024-07-03,224,-0.024978089395267355,-0.009842101166221195,0,0,0,15,20,chronological_712,rnn,full_safe,42
1993,2024-09-06,2024-10-08,2268.0,2184.0,2249.5410137742747,12.744172145845786,0.02,2024-07-03,224,-0.03703703703703709,-0.00813888281557551,0,0,0,15,20,chronological_712,rnn,full_safe,42
1994,2024-09-09,2024-10-09,2224.0,2184.0,2207.640590691229,12.744172145845786,0.02,2024-07-03,224,-0.017985611510791366,-0.007355849509339429,0,0,0,15,20,chronological_712,rnn,full_safe,42
1995,2024-09-10,2024-10-10,2208.0,2210.0,2197.2557437380747,12.744172145845786,0.02,2024-07-03,224,0.0009057971014492239,-0.004866058089640135,1,0,0,15,20,chronological_712,rnn,full_safe,42
1996,2024-09-11,2024-10-11,2209.0,2213.0,2189.8315898166693,12.744172145845786,0.02,2024-07-03,224,0.001810774105930335,-0.008677415202956396,1,0,0,15,20,chronological_712,rnn,full_safe,42
1997,2024-09-12,2024-10-14,2197.0,2227.0,2169.1472528889185,12.744172145845786,0.02,2024-07-03,224,0.013654984069185305,-0.012677627269495395,1,0,0,15,20,chronological_712,rnn,full_safe,42
1998,2024-09-13,2024-10-15,2200.0,2222.0,2166.5320960131826,12.744172145845786,0.02,2024-07-03,224,0.010000000000000009,-0.015212683630371537,1,0,0,15,20,chronological_712,rnn,full_safe,42
1999,2024-09-18,2024-10-16,2199.0,2210.0,2170.665512759698,12.744172145845786,0.02,2024-07-03,224,0.005002273760800424,-0.012885169277081499,1,0,0,15,20,chronological_712,rnn,full_safe,42
2000,2024-09-19,2024-10-17,2174.0,2193.0,2160.885085108681,12.744172145845786,0.02,2024-07-03,224,0.00873965041398339,-0.006032619545224938,1,0,0,15,20,chronological_712,rnn,full_safe,42
2001,2024-09-20,2024-10-18,2164.0,2198.0,2143.570362177721,12.744172145845786,0.02,2024-07-03,224,0.015711645101663674,-0.009440682912328469,1,0,0,15,20,chronological_712,rnn,full_safe,42
2002,2024-09-23,2024-10-21,2138.0,2170.0,2082.9864650470095,12.744172145845786,0.02,2024-07-03,224,0.014967259120673537,-0.025731307274551196,1,0,0,15,20,chronological_712,rnn,full_safe,42
2003,2024-09-24,2024-10-22,2150.0,2179.0,2076.102202270525,12.744172145845786,0.02,2024-07-03,224,0.013488372093023226,-0.03437106871138362,1,0,0,15,20,chronological_712,rnn,full_safe,42
2004,2024-09-25,2024-10-23,2142.0,2228.0,2072.5141626097716,12.744172145845786,0.02,2024-07-03,224,0.04014939309056964,-0.032439699995438054,1,0,0,15,20,chronological_712,rnn,full_safe,42
2005,2024-09-26,2024-10-24,2150.0,2230.0,2071.0771372726854,12.744172145845786,0.02,2024-07-03,224,0.037209302325581506,-0.03670830824526261,1,0,0,15,20,chronological_712,rnn,full_safe,42
2006,2024-09-27,2024-10-25,2179.0,2225.0,2100.0660133282813,12.744172145845786,0.02,2024-07-03,224,0.021110601193207845,-0.03622486767862265,1,0,0,15,20,chronological_712,rnn,full_safe,42
2007,2024-09-30,2024-10-28,2225.0,2227.0,2136.7178077842195,12.744172145845786,0.02,2024-07-03,224,0.0008988764044943753,-0.039677389759901316,1,0,0,15,20,chronological_712,rnn,full_safe,42
2008,2024-10-08,2024-10-29,2184.0,2226.0,2154.9805439017186,12.744172145845786,0.02,2024-07-03,224,0.019230769230769162,-0.013287296748297317,1,0,0,15,20,chronological_712,rnn,full_safe,42
2009,2024-10-09,2024-10-30,2184.0,2247.0,2170.492923995615,12.744172145845786,0.02,2024-07-03,224,0.028846153846153744,-0.006184558610066393,1,0,0,15,20,chronological_712,rnn,full_safe,42
2010,2024-10-10,2024-10-31,2210.0,2248.0,2172.397230766131,12.744172145845786,0.02,2024-07-03,224,0.017194570135746545,-0.017014827707632962,1,0,0,15,20,chronological_712,rnn,full_safe,42
2011,2024-10-11,2024-11-01,2213.0,2240.0,2152.678991100455,12.744172145845786,0.02,2024-07-03,224,0.012200632625395391,-0.027257572932465113,1,0,0,15,20,chronological_712,rnn,full_safe,42
2012,2024-10-14,2024-11-04,2227.0,2217.0,2151.2704784526577,12.744172145845786,0.02,2024-07-03,224,-0.004490345756623215,-0.03400517357312183,0,0,0,15,20,chronological_712,rnn,full_safe,42
2013,2024-10-15,2024-11-05,2222.0,2225.0,2185.605604476161,12.744172145845786,0.02,2024-07-03,224,0.0013501350135014523,-0.01637911589731733,1,0,0,15,20,chronological_712,rnn,full_safe,42
2014,2024-10-16,2024-11-06,2210.0,2222.0,2165.769291030045,12.744172145845786,0.02,2024-07-03,224,0.005429864253393646,-0.020013895461517994,1,0,0,15,20,chronological_712,rnn,full_safe,42
2015,2024-10-17,2024-11-07,2193.0,2225.0,2159.741822139,12.744172145845786,0.02,2024-07-03,224,0.01459188326493388,-0.015165607779753842,1,0,0,15,20,chronological_712,rnn,full_safe,42
2016,2024-10-18,2024-11-08,2198.0,2199.0,2143.9078558379388,12.744172145845786,0.02,2024-07-03,224,0.00045495905368508893,-0.024609710719773026,1,0,0,15,20,chronological_712,rnn,full_safe,42
2017,2024-10-21,2024-11-11,2170.0,2187.0,2123.882495805218,12.744172145845786,0.02,2024-07-03,224,0.007834101382488523,-0.021252306080544847,1,0,0,15,20,chronological_712,rnn,full_safe,42
2018,2024-10-22,2024-11-12,2179.0,2189.0,2112.165108495677,12.744172145845786,0.02,2024-07-03,224,0.004589261128958189,-0.030672276963893075,1,0,0,15,20,chronological_712,rnn,full_safe,42
2019,2024-10-23,2024-11-13,2228.0,2197.0,2157.0298712520535,12.744172145845786,0.02,2024-07-03,224,-0.013913824057450674,-0.03185373821721116,0,0,0,15,20,chronological_712,rnn,full_safe,42
2020,2024-10-24,2024-11-14,2230.0,2195.0,2149.1741957096506,12.744172145845786,0.02,2024-07-03,224,-0.015695067264574036,-0.03624475528715221,0,0,0,15,20,chronological_712,rnn,full_safe,42
2021,2024-10-25,2024-11-15,2225.0,2182.0,2148.2217511611893,12.744172145845786,0.02,2024-07-03,224,-0.01932584269662918,-0.03450707812980258,0,0,0,15,20,chronological_712,rnn,full_safe,42
2022,2024-10-28,2024-11-18,2227.0,2209.0,2130.8088352153354,12.744172145845786,0.02,2024-07-03,224,-0.00808262236192192,-0.04319315886154673,0,0,0,15,20,chronological_712,rnn,full_safe,42
2023,2024-10-29,2024-11-19,2226.0,2205.0,2129.791901568136,12.744172145845786,0.02,2024-07-03,224,-0.009433962264150941,-0.04322017000532974,0,0,0,15,20,chronological_712,rnn,full_safe,42
2024,2024-10-30,2024-11-20,2247.0,2195.0,2128.6367648209975,12.744172145845786,0.02,2024-07-03,224,-0.02314196706720073,-0.05267611712461173,0,0,0,15,20,chronological_712,rnn,full_safe,42
2025,2024-10-31,2024-11-21,2248.0,2206.0,2126.1678144825178,12.744172145845786,0.02,2024-07-03,224,-0.01868327402135228,-0.05419581206293689,0,0,0,15,20,chronological_712,rnn,full_safe,42
2026,2024-11-01,2024-11-22,2240.0,2190.0,2117.682693805585,12.744172145845786,0.02,2024-07-03,224,-0.022321428571428603,-0.054605940265363806,0,0,0,15,20,chronological_712,rnn,full_safe,42
2027,2024-11-04,2024-11-25,2217.0,2195.0,2115.495078136813,12.744172145845786,0.02,2024-07-03,224,-0.009923319801533603,-0.04578480913991301,0,0,0,15,20,chronological_712,rnn,full_safe,42
2028,2024-11-05,2024-11-26,2225.0,2193.0,2123.422820122779,12.744172145845786,0.02,2024-07-03,224,-0.014382022471910116,-0.04565266511335786,0,0,0,15,20,chronological_712,rnn,full_safe,42
2029,2024-11-06,2024-11-27,2222.0,2187.0,2114.510861291495,12.744172145845786,0.02,2024-07-03,224,-0.015751575157515796,-0.04837494991381863,0,0,0,15,20,chronological_712,rnn,full_safe,42
2030,2024-11-07,2024-11-28,2225.0,2183.0,2087.778542669956,12.744172145845786,0.02,2024-07-03,224,-0.018876404494381993,-0.061672565092154574,0,0,0,15,20,chronological_712,rnn,full_safe,42
2031,2024-11-08,2024-11-29,2199.0,2163.0,2058.1102408304614,12.744172145845786,0.02,2024-07-03,224,-0.016371077762619368,-0.06406992231447872,0,0,0,15,20,chronological_712,rnn,full_safe,42
2032,2024-11-11,2024-12-02,2187.0,2138.0,2066.488355479447,12.744172145845786,0.02,2024-07-03,224,-0.022405121170553266,-0.05510363261113538,0,0,0,15,20,chronological_712,rnn,full_safe,42
2033,2024-11-12,2024-12-03,2189.0,2127.0,2073.782625756829,12.744172145845786,0.02,2024-07-03,224,-0.02832343535861126,-0.05263470728331243,0,0,0,15,20,chronological_712,rnn,full_safe,42
2034,2024-11-13,2024-12-04,2197.0,2084.0,2077.800180853095,12.744172145845786,0.02,2024-07-03,224,-0.0514337733272644,-0.054255721050025074,0,0,0,15,20,chronological_712,rnn,full_safe,42
2035,2024-11-14,2024-12-05,2195.0,2099.0,2072.5163214784,12.744172145845786,0.02,2024-07-03,224,-0.04373576309794991,-0.05580122028318901,0,0,0,15,20,chronological_712,rnn,full_safe,42
2036,2024-11-15,2024-12-06,2182.0,2089.0,2056.3781180361602,12.744172145845786,0.02,2024-07-03,224,-0.042621448212648905,-0.05757189824190645,0,0,0,15,20,chronological_712,rnn,full_safe,42
2037,2024-11-18,2024-12-09,2209.0,2087.0,2067.3222966042053,12.744172145845786,0.02,2024-07-03,224,-0.055228610230873665,-0.06413657917419402,0,0,0,15,20,chronological_712,rnn,full_safe,42
2038,2024-11-19,2024-12-10,2205.0,2113.0,2059.6479234173567,12.744172145845786,0.02,2024-07-03,224,-0.04172335600907029,-0.06591930910777477,0,0,0,15,20,chronological_712,rnn,full_safe,42
2039,2024-11-20,2024-12-11,2195.0,2122.0,2048.4294762134377,12.744172145845786,0.02,2024-07-03,224,-0.033257403189066004,-0.06677472609866164,0,0,0,15,20,chronological_712,rnn,full_safe,42
2040,2024-11-21,2024-12-12,2206.0,2115.0,2057.857369139252,12.744172145845786,0.02,2024-07-03,224,-0.04125113327289209,-0.06715441108828102,0,0,0,15,20,chronological_712,rnn,full_safe,42
2041,2024-11-22,2024-12-13,2190.0,2115.0,2045.2851692743625,12.744172145845786,0.02,2024-07-03,224,-0.03424657534246578,-0.06607983138156959,0,0,0,15,20,chronological_712,rnn,full_safe,42
2042,2024-11-25,2024-12-16,2195.0,2102.0,2046.6350586967346,12.744172145845786,0.02,2024-07-03,224,-0.042369020501139,-0.06759222838417556,0,0,0,15,20,chronological_712,rnn,full_safe,42
2043,2024-11-26,2024-12-17,2193.0,2186.0,2038.966246016913,12.744172145845786,0.02,2024-07-03,224,-0.0031919744642042724,-0.07023882990564845,0,0,0,15,20,chronological_712,rnn,full_safe,42
2044,2024-11-27,2024-12-18,2187.0,2174.0,2036.5845878270611,12.744172145845786,0.02,2024-07-03,224,-0.005944215820758991,-0.06877705174802873,0,0,0,15,20,chronological_712,rnn,full_safe,42
2045,2024-11-28,2024-12-19,2183.0,2177.0,2038.1019031928154,12.744172145845786,0.02,2024-07-03,224,-0.002748511223087502,-0.0663756742130942,0,0,0,15,20,chronological_712,rnn,full_safe,42
2046,2024-11-29,2024-12-20,2163.0,2184.0,2025.646481077034,12.744172145845786,0.02,2024-07-03,224,0.009708737864077666,-0.06350139571103375,1,0,0,15,20,chronological_712,rnn,full_safe,42
2047,2024-12-02,2024-12-23,2138.0,2182.0,2019.629600584427,12.744172145845786,0.02,2024-07-03,224,0.020579981290926197,-0.05536501375845326,1,0,0,15,20,chronological_712,rnn,full_safe,42
2048,2024-12-03,2024-12-24,2127.0,2189.0,2024.9064436360786,12.744172145845786,0.02,2024-07-03,224,0.029149036201222334,-0.04799885113489488,1,0,0,15,20,chronological_712,rnn,full_safe,42
2049,2024-12-04,2024-12-25,2084.0,2205.0,1999.3355253213176,12.744172145845786,0.02,2024-07-03,224,0.058061420345489445,-0.040625947542553886,1,0,0,15,20,chronological_712,rnn,full_safe,42
2050,2024-12-05,2024-12-26,2099.0,2204.0,2009.8689294219785,12.744172145845786,0.02,2024-07-03,224,0.05002382086707957,-0.04246358769796166,1,0,0,15,20,chronological_712,rnn,full_safe,42
2051,2024-12-06,2024-12-27,2089.0,2234.0,2005.5890859904193,12.744172145845786,0.02,2024-07-03,224,0.06941120153183333,-0.03992863284326509,1,0,0,15,20,chronological_712,rnn,full_safe,42
2052,2024-12-09,2024-12-30,2087.0,2235.0,2012.0617718253252,12.744172145845786,0.02,2024-07-03,224,0.07091518926689022,-0.03590715293467883,1,0,0,15,20,chronological_712,rnn,full_safe,42
2053,2024-12-10,2024-12-31,2113.0,2229.0,2031.6874499985497,12.744172145845786,0.02,2024-07-03,224,0.05489824893516326,-0.03848203975459075,1,0,0,15,20,chronological_712,rnn,full_safe,42
2054,2024-12-11,2025-01-02,2122.0,2228.0,2042.1160353460582,12.744172145845786,0.02,2024-07-03,224,0.04995287464655984,-0.037645600685175196,1,0,0,15,20,chronological_712,rnn,full_safe,42
2055,2024-12-12,2025-01-03,2115.0,2228.0,2041.0921634927727,12.744172145845786,0.02,2024-07-03,224,0.05342789598108744,-0.03494460354951645,1,0,0,15,20,chronological_712,rnn,full_safe,42
2056,2024-12-13,2025-01-06,2115.0,2228.0,2041.752436419134,12.744172145845786,0.02,2024-07-03,224,0.05342789598108744,-0.03463241776873094,1,0,0,15,20,chronological_712,rnn,full_safe,42
2057,2024-12-16,2025-01-07,2102.0,2225.0,2033.5777951383952,12.744172145845786,0.02,2024-07-03,224,0.05851569933396772,-0.032551001361372345,1,0,0,15,20,chronological_712,rnn,full_safe,42
2058,2024-12-17,2025-01-08,2186.0,2230.0,2079.5416350729815,12.744172145845786,0.02,2024-07-03,224,0.020128087831656094,-0.048700075446943436,1,0,0,15,20,chronological_712,rnn,full_safe,42
2059,2024-12-18,2025-01-09,2174.0,2231.0,2069.696540784688,12.744172145845786,0.02,2024-07-03,224,0.026218951241950395,-0.04797767213215831,1,0,0,15,20,chronological_712,rnn,full_safe,42
2060,2024-12-19,2025-01-10,2177.0,2250.0,2084.3940473928646,12.744172145845786,0.02,2024-07-03,224,0.033532384014699046,-0.042538333765335445,1,0,0,15,20,chronological_712,rnn,full_safe,42
2061,2024-12-20,2025-01-13,2184.0,2267.0,2083.754454155472,12.744172145845786,0.02,2024-07-03,224,0.03800366300366309,-0.04589997520353839,1,0,0,15,20,chronological_712,rnn,full_safe,42
2062,2024-12-23,2025-01-14,2182.0,2277.0,2084.716443175765,12.744172145845786,0.02,2024-07-03,224,0.04353803849679183,-0.04458458149598299,1,0,0,15,20,chronological_712,rnn,full_safe,42
2063,2024-12-24,2025-01-15,2189.0,2274.0,2082.3761017546017,12.744172145845786,0.02,2024-07-03,224,0.03883051621745093,-0.04870895305865619,1,0,0,15,20,chronological_712,rnn,full_safe,42
2064,2024-12-25,2025-01-16,2205.0,2288.0,2098.538727398203,12.744172145845786,0.02,2024-07-03,224,0.03764172335600913,-0.04828175628199416,1,0,0,15,20,chronological_712,rnn,full_safe,42
2065,2024-12-26,2025-01-17,2204.0,2291.0,2099.465293929287,12.744172145845786,0.02,2024-07-03,224,0.03947368421052633,-0.04742953995948873,1,0,0,15,20,chronological_712,rnn,full_safe,42
2066,2024-12-27,2025-01-20,2234.0,2286.0,2129.3430415334647,12.744172145845786,0.02,2024-07-03,224,0.02327663384064449,-0.046847340405790194,1,0,0,15,20,chronological_712,rnn,full_safe,42
2067,2024-12-30,2025-01-21,2235.0,2277.0,2124.285834958608,12.744172145845786,0.02,2024-07-03,224,0.01879194630872494,-0.049536539168407945,1,0,0,15,20,chronological_712,rnn,full_safe,42
2068,2024-12-31,2025-01-22,2229.0,2272.0,2121.7858863912998,12.744172145845786,0.02,2024-07-03,224,0.019291161956034086,-0.0480996471999553,1,0,0,15,20,chronological_712,rnn,full_safe,42
2069,2025-01-02,2025-01-23,2228.0,2280.0,2110.877513795707,12.744172145845786,0.02,2024-07-03,224,0.02333931777378817,-0.05256844084573298,1,0,0,15,20,chronological_712,rnn,full_safe,42
2070,2025-01-03,2025-01-24,2228.0,2267.0,2116.8387324057117,12.744172145845786,0.02,2024-07-03,224,0.017504488330341017,-0.04989284901000379,1,0,0,15,20,chronological_712,rnn,full_safe,42
2071,2025-01-06,2025-01-27,2228.0,2283.0,2119.513499621147,12.744172145845786,0.02,2024-07-03,224,0.024685816876122146,-0.04869232512515853,1,0,0,15,20,chronological_712,rnn,full_safe,42
2072,2025-01-07,2025-02-05,2225.0,2287.0,2123.210320695233,12.744172145845786,0.02,2024-07-03,224,0.027865168539325857,-0.04574817047405266,1,0,0,15,20,chronological_712,rnn,full_safe,42
2073,2025-01-08,2025-02-06,2230.0,2300.0,2119.097945816305,12.744172145845786,0.02,2024-07-03,224,0.03139013452914807,-0.04973186286264342,1,0,0,15,20,chronological_712,rnn,full_safe,42
2074,2025-01-09,2025-02-07,2231.0,2286.0,2116.541674923031,12.744172145845786,0.02,2024-07-03,224,0.02465262214253694,-0.05130359707618504,1,0,0,15,20,chronological_712,rnn,full_safe,42
2075,2025-01-10,2025-02-10,2250.0,2294.0,2125.041275643167,12.744172145845786,0.02,2024-07-03,224,0.019555555555555548,-0.05553721082525909,1,0,0,15,20,chronological_712,rnn,full_safe,42
2076,2025-01-13,2025-02-11,2267.0,2296.0,2135.2503736462527,12.744172145845786,0.02,2024-07-03,224,0.012792236435818172,-0.0581162886430292,1,0,0,15,20,chronological_712,rnn,full_safe,42
2077,2025-01-14,2025-02-12,2277.0,2303.0,2134.0471736659615,12.744172145845786,0.02,2024-07-03,224,0.011418533157663502,-0.0627812149029594,1,0,0,15,20,chronological_712,rnn,full_safe,42
2078,2025-01-15,2025-02-13,2274.0,2302.0,2138.627284476978,12.744172145845786,0.02,2024-07-03,224,0.012313104661389573,-0.05953065766183918,1,0,0,15,20,chronological_712,rnn,full_safe,42
2079,2025-01-16,2025-02-14,2288.0,2303.0,2155.9453735386282,12.744172145845786,0.02,2024-07-03,224,0.006555944055943952,-0.05771618289395619,1,0,0,15,20,chronological_712,rnn,full_safe,42
2080,2025-01-17,2025-02-17,2291.0,2288.0,2152.7881133877813,12.744172145845786,0.02,2024-07-03,224,-0.0013094718463553257,-0.06032819145011725,0,0,0,15,20,chronological_712,rnn,full_safe,42
2081,2025-01-20,2025-02-18,2286.0,2291.0,2151.3774773790633,12.744172145845786,0.02,2024-07-03,224,0.0021872265966753623,-0.05888999239761006,1,0,0,15,20,chronological_712,rnn,full_safe,42
2082,2025-01-21,2025-02-19,2277.0,2290.0,2155.2752365710658,12.744172145845786,0.02,2024-07-03,224,0.005709266578831862,-0.05345839412777087,1,0,0,15,20,chronological_712,rnn,full_safe,42
2083,2025-01-22,2025-02-20,2272.0,2267.0,2144.9028670263997,12.744172145845786,0.02,2024-07-03,224,-0.0022007042253521236,-0.0559406395130283,0,0,0,15,20,chronological_712,rnn,full_safe,42
2084,2025-01-23,2025-02-21,2280.0,2274.0,2149.225255793334,12.744172145845786,0.02,2024-07-03,224,-0.0026315789473684292,-0.05735734395029213,0,0,0,15,20,chronological_712,rnn,full_safe,42
2085,2025-01-24,2025-02-24,2267.0,2287.0,2137.4346657935835,12.744172145845786,0.02,2024-07-03,224,0.008822232024702226,-0.05715277203635494,1,0,0,15,20,chronological_712,rnn,full_safe,42
2086,2025-01-27,2025-02-25,2283.0,2275.0,2156.6922568656296,12.744172145845786,0.02,2024-07-03,224,-0.003504161191414834,-0.055325336458331376,0,0,0,15,20,chronological_712,rnn,full_safe,42
2087,2025-02-05,2025-02-26,2287.0,2271.0,2181.229797913752,12.744172145845786,0.02,2024-07-03,224,-0.006996064713598593,-0.04624844866036204,0,0,0,15,20,chronological_712,rnn,full_safe,42
2088,2025-02-06,2025-02-27,2300.0,2293.0,2177.006433042072,12.744172145845786,0.02,2024-07-03,224,-0.003043478260869592,-0.05347546389475133,0,0,0,15,20,chronological_712,rnn,full_safe,42
2089,2025-02-07,2025-02-28,2286.0,2292.0,2159.11237700447,12.744172145845786,0.02,2024-07-03,224,0.002624671916010568,-0.05550639676094926,1,0,0,15,20,chronological_712,rnn,full_safe,42
2090,2025-02-10,2025-03-03,2294.0,2312.0,2136.0384601172777,12.744172145845786,0.02,2024-07-03,224,0.007846556233652935,-0.06885856141356683,1,0,0,15,20,chronological_712,rnn,full_safe,42
2091,2025-02-11,2025-03-04,2296.0,2310.0,2138.3136377932565,12.744172145845786,0.02,2024-07-03,224,0.0060975609756097615,-0.06867872918412177,1,0,0,15,20,chronological_712,rnn,full_safe,42
2092,2025-02-12,2025-03-05,2303.0,2283.0,2181.6870129120466,12.744172145845786,0.02,2024-07-03,224,-0.008684324793747256,-0.05267606907857292,0,0,0,15,20,chronological_712,rnn,full_safe,42
2093,2025-02-13,2025-03-06,2302.0,2308.0,2175.7142116877876,12.744172145845786,0.02,2024-07-03,224,0.0026064291920069316,-0.05485916086542675,1,0,0,15,20,chronological_712,rnn,full_safe,42
2094,2025-02-14,2025-03-07,2303.0,2308.0,2167.5398544687105,12.744172145845786,0.02,2024-07-03,224,0.002171081198436786,-0.058818995020099685,1,0,0,15,20,chronological_712,rnn,full_safe,42
2095,2025-02-17,2025-03-10,2288.0,2319.0,2162.7650193886266,12.744172145845786,0.02,2024-07-03,224,0.013548951048951041,-0.05473556844902683,1,0,0,15,20,chronological_712,rnn,full_safe,42
2096,2025-02-18,2025-03-11,2291.0,2326.0,2185.8354565204636,12.744172145845786,0.02,2024-07-03,224,0.015277171540811763,-0.045903336307086984,1,0,0,15,20,chronological_712,rnn,full_safe,42
2097,2025-02-19,2025-03-12,2290.0,2315.0,2179.5089843243554,12.744172145845786,0.02,2024-07-03,224,0.01091703056768556,-0.0482493518234256,1,0,0,15,20,chronological_712,rnn,full_safe,42
2098,2025-02-20,2025-03-13,2267.0,2299.0,2156.14053100173,12.744172145845786,0.02,2024-07-03,224,0.014115571239523561,-0.04890139788190129,1,0,0,15,20,chronological_712,rnn,full_safe,42
2099,2025-02-21,2025-03-14,2274.0,2309.0,2160.2466991333504,12.744172145845786,0.02,2024-07-03,224,0.015391380826736967,-0.050023439255342805,1,0,0,15,20,chronological_712,rnn,full_safe,42
2100,2025-02-24,2025-03-17,2287.0,2291.0,2146.6256228874076,12.744172145845786,0.02,2024-07-03,224,0.0017490161783997316,-0.061379264150674406,1,0,0,15,20,chronological_712,rnn,full_safe,42
2101,2025-02-25,2025-03-18,2275.0,2292.0,2145.102086571263,12.744172145845786,0.02,2024-07-03,224,0.007472527472527579,-0.05709798392471954,1,0,0,15,20,chronological_712,rnn,full_safe,42
2102,2025-02-26,2025-03-19,2271.0,2284.0,2138.631169020201,12.744172145845786,0.02,2024-07-03,224,0.005724350506384868,-0.058286583434521755,1,0,0,15,20,chronological_712,rnn,full_safe,42
2103,2025-02-27,2025-03-20,2293.0,2280.0,2155.628737105918,12.744172145845786,0.02,2024-07-03,224,-0.0056694286960313756,-0.05990896768167553,0,0,0,15,20,chronological_712,rnn,full_safe,42
2104,2025-02-28,2025-03-21,2292.0,2289.0,2157.3169936781173,12.744172145845786,0.02,2024-07-03,224,-0.0013089005235602524,-0.05876221916312507,0,0,0,15,20,chronological_712,rnn,full_safe,42
2105,2025-03-03,2025-03-24,2312.0,2271.0,2171.054109112848,12.744172145845786,0.02,2024-07-03,224,-0.017733564013840852,-0.06096275557402764,0,0,0,15,20,chronological_712,rnn,full_safe,42
2106,2025-03-04,2025-03-25,2310.0,2271.0,2175.8895984592377,12.744172145845786,0.02,2024-07-03,224,-0.016883116883116833,-0.05805645088344691,0,0,0,15,20,chronological_712,rnn,full_safe,42
2107,2025-03-05,2025-03-26,2283.0,2262.0,2168.4458833416566,12.744172145845786,0.02,2024-07-03,224,-0.009198423127463884,-0.050177011238871416,0,0,0,15,20,chronological_712,rnn,full_safe,42
2108,2025-03-06,2025-03-27,2308.0,2266.0,2193.721430789853,12.744172145845786,0.02,2024-07-03,224,-0.01819757365684571,-0.04951411144287132,0,0,0,15,20,chronological_712,rnn,full_safe,42
2109,2025-03-07,2025-03-28,2308.0,2261.0,2191.2749674826646,12.744172145845786,0.02,2024-07-03,224,-0.020363951473136965,-0.050574104210283966,0,0,0,15,20,chronological_712,rnn,full_safe,42
2110,2025-03-10,2025-03-31,2319.0,2251.0,2208.3836374104126,12.744172145845786,0.02,2024-07-03,224,-0.0293229840448469,-0.047700026989904054,0,0,0,15,20,chronological_712,rnn,full_safe,42
2111,2025-03-11,2025-04-01,2326.0,2254.0,2247.9437279492217,12.744172145845786,0.02,2024-07-03,224,-0.03095442820292349,-0.03355815651366223,0,0,0,15,20,chronological_712,rnn,full_safe,42
2112,2025-03-12,2025-04-02,2315.0,2268.0,2244.599136234052,12.744172145845786,0.02,2024-07-03,224,-0.020302375809935214,-0.03041074028766655,0,0,0,15,20,chronological_712,rnn,full_safe,42
2113,2025-03-13,2025-04-03,2299.0,2284.0,2244.0872145104922,12.744172145845786,0.02,2024-07-03,224,-0.006524575902566387,-0.02388550912984244,0,0,0,15,20,chronological_712,rnn,full_safe,42
2114,2025-03-14,2025-04-07,2309.0,2283.0,2255.144243675173,12.744172145845786,0.02,2024-07-03,224,-0.011260285838025075,-0.02332427731694542,0,0,0,15,20,chronological_712,rnn,full_safe,42
2115,2025-03-17,2025-04-08,2291.0,2288.0,2227.3958577945027,12.744172145845786,0.02,2024-07-03,224,-0.0013094718463553257,-0.027762611176559315,0,0,0,15,20,chronological_712,rnn,full_safe,42
2116,2025-03-18,2025-04-09,2292.0,2309.0,2234.376815160616,12.744172145845786,0.02,2024-07-03,224,0.0074171029668412825,-0.025141005601825528,1,0,0,15,20,chronological_712,rnn,full_safe,42
2117,2025-03-19,2025-04-10,2284.0,2316.0,2223.1248557821627,12.744172145845786,0.02,2024-07-03,224,0.014010507880910739,-0.026652865244236934,1,0,0,15,20,chronological_712,rnn,full_safe,42
2118,2025-03-20,2025-04-11,2280.0,2314.0,2225.80622032969,12.744172145845786,0.02,2024-07-03,224,0.014912280701754321,-0.02376920160978513,1,0,0,15,20,chronological_712,rnn,full_safe,42
2119,2025-03-21,2025-04-14,2289.0,2310.0,2226.3089597600365,12.744172145845786,0.02,2024-07-03,224,0.00917431192660545,-0.027387959912609672,1,0,0,15,20,chronological_712,rnn,full_safe,42
2120,2025-03-24,2025-04-15,2271.0,2302.0,2221.105393964781,12.744172145845786,0.02,2024-07-03,224,0.013650374284456257,-0.021970324101813765,1,0,0,15,20,chronological_712,rnn,full_safe,42
2121,2025-03-25,2025-04-16,2271.0,2304.0,2221.511115685358,12.744172145845786,0.02,2024-07-03,224,0.014531043593130732,-0.0217916707682263,1,0,0,15,20,chronological_712,rnn,full_safe,42
2122,2025-03-26,2025-04-17,2262.0,2303.0,2206.9273455911243,12.744172145845786,0.02,2024-07-03,224,0.01812555260831128,-0.0243468852382297,1,0,0,15,20,chronological_712,rnn,full_safe,42
2123,2025-03-27,2025-04-18,2266.0,2288.0,2211.213562656217,12.744172145845786,0.02,2024-07-03,224,0.009708737864077666,-0.024177598121704724,1,0,0,15,20,chronological_712,rnn,full_safe,42
2124,2025-03-28,2025-04-21,2261.0,2302.0,2201.202418348215,12.744172145845786,0.02,2024-07-03,224,0.018133569217160472,-0.026447404534181818,1,0,0,15,20,chronological_712,rnn,full_safe,42
2125,2025-03-31,2025-04-22,2251.0,2324.0,2193.637721368933,12.744172145845786,0.02,2024-07-03,224,0.032430031097290035,-0.025483020271464762,1,0,0,15,20,chronological_712,rnn,full_safe,42
2126,2025-04-01,2025-04-23,2254.0,2324.0,2191.7421992053037,12.744172145845786,0.02,2024-07-03,224,0.03105590062111796,-0.02762102963384927,1,0,0,15,20,chronological_712,rnn,full_safe,42
2127,2025-04-02,2025-04-24,2268.0,2338.0,2202.100660380861,12.744172145845786,0.02,2024-07-03,224,0.030864197530864113,-0.029056146216551615,1,0,0,15,20,chronological_712,rnn,full_safe,42
2128,2025-04-03,2025-04-25,2284.0,2336.0,2210.584987460526,12.744172145845786,0.02,2024-07-03,224,0.022767075306479923,-0.03214317536754552,1,0,0,15,20,chronological_712,rnn,full_safe,42
2129,2025-04-07,2025-04-28,2283.0,2361.0,2206.384230346344,12.744172145845786,0.02,2024-07-03,224,0.0341655716162943,-0.033559250833839704,1,0,0,15,20,chronological_712,rnn,full_safe,42
2130,2025-04-08,2025-04-29,2288.0,2355.0,2223.6610008639204,12.744172145845786,0.02,2024-07-03,224,0.02928321678321688,-0.028120191930104732,1,0,0,15,20,chronological_712,rnn,full_safe,42
2131,2025-04-09,2025-04-30,2309.0,2377.0,2237.083645836111,12.744172145845786,0.02,2024-07-03,224,0.029449978345604144,-0.0311461040120784,1,0,0,15,20,chronological_712,rnn,full_safe,42
2132,2025-04-10,2025-05-06,2316.0,2365.0,2247.998459529882,12.744172145845786,0.02,2024-07-03,224,0.021157167530224452,-0.02936163232733935,1,0,0,15,20,chronological_712,rnn,full_safe,42
2133,2025-04-11,2025-05-07,2314.0,2369.0,2250.767719857068,12.744172145845786,0.02,2024-07-03,224,0.023768366464995694,-0.02732596376099039,1,0,0,15,20,chronological_712,rnn,full_safe,42
2134,2025-04-14,2025-05-08,2310.0,2365.0,2245.2369043752683,12.744172145845786,0.02,2024-07-03,224,0.023809523809523725,-0.02803597213191844,1,0,0,15,20,chronological_712,rnn,full_safe,42
2135,2025-04-15,2025-05-09,2302.0,2375.0,2240.9661651199654,12.744172145845786,0.02,2024-07-03,224,0.031711555169417815,-0.026513394821909064,1,0,0,15,20,chronological_712,rnn,full_safe,42
2136,2025-04-16,2025-05-12,2304.0,2363.0,2241.2217211938773,12.744172145845786,0.02,2024-07-03,224,0.02560763888888884,-0.027247516842935138,1,0,0,15,20,chronological_712,rnn,full_safe,42
2137,2025-04-17,2025-05-13,2303.0,2344.0,2229.3106535418756,12.744172145845786,0.02,2024-07-03,224,0.017802865827182046,-0.03199711092406621,1,0,0,15,20,chronological_712,rnn,full_safe,42
2138,2025-04-18,2025-05-14,2288.0,2356.0,2208.554615899951,12.744172145845786,0.02,2024-07-03,224,0.029720279720279796,-0.03472263291086064,1,0,0,15,20,chronological_712,rnn,full_safe,42
2139,2025-04-21,2025-05-15,2302.0,2342.0,2220.472245376337,12.744172145845786,0.02,2024-07-03,224,0.017376194613379692,-0.03541605326831576,1,0,0,15,20,chronological_712,rnn,full_safe,42
2140,2025-04-22,2025-05-16,2324.0,2335.0,2227.7547412978433,12.744172145845786,0.02,2024-07-03,224,0.004733218588640176,-0.04141362250523095,1,0,0,15,20,chronological_712,rnn,full_safe,42
2141,2025-04-23,2025-05-19,2324.0,2330.0,2225.937467469689,12.744172145845786,0.02,2024-07-03,224,0.002581755593803692,-0.04219558198378259,1,0,0,15,20,chronological_712,rnn,full_safe,42
2142,2025-04-24,2025-05-20,2338.0,2312.0,2228.0496541149782,12.744172145845786,0.02,2024-07-03,224,-0.011120615911035081,-0.047027521764337776,0,0,0,15,20,chronological_712,rnn,full_safe,42
2143,2025-04-25,2025-05-21,2336.0,2324.0,2225.286075021025,12.744172145845786,0.02,2024-07-03,224,-0.005136986301369828,-0.047394659665657035,0,0,0,15,20,chronological_712,rnn,full_safe,42
2144,2025-04-28,2025-05-22,2361.0,2329.0,2242.812999114786,12.744172145845786,0.02,2024-07-03,224,-0.01355357899195253,-0.05005802663499104,0,0,0,15,20,chronological_712,rnn,full_safe,42
2145,2025-04-29,2025-05-23,2355.0,2327.0,2288.317035539186,12.744172145845786,0.02,2024-07-03,224,-0.011889596602972397,-0.028315483847479506,0,0,0,15,20,chronological_712,rnn,full_safe,42
2146,2025-04-30,2025-05-26,2377.0,2318.0,2307.357802344887,12.744172145845786,0.02,2024-07-03,224,-0.024821203197307518,-0.029298358289908677,0,0,0,15,20,chronological_712,rnn,full_safe,42
2147,2025-05-06,2025-05-27,2365.0,2324.0,2302.795225239937,12.744172145845786,0.02,2024-07-03,224,-0.01733615221987317,-0.026302230342521438,0,0,0,15,20,chronological_712,rnn,full_safe,42
2148,2025-05-07,2025-05-28,2369.0,2325.0,2313.2027261106086,12.744172145845786,0.02,2024-07-03,224,-0.018573237653018104,-0.023553091553141114,0,0,0,15,20,chronological_712,rnn,full_safe,42
2149,2025-05-08,2025-05-29,2365.0,2332.0,2301.9498861410043,12.744172145845786,0.02,2024-07-03,224,-0.013953488372092981,-0.026659667593655678,0,0,0,15,20,chronological_712,rnn,full_safe,42
2150,2025-05-09,2025-05-30,2375.0,2336.0,2316.0514952968933,12.744172145845786,0.02,2024-07-03,224,-0.016421052631579003,-0.024820423032887007,0,0,0,15,20,chronological_712,rnn,full_safe,42
2151,2025-05-12,2025-06-03,2363.0,2325.0,2309.752129684849,12.744172145845786,0.02,2024-07-03,224,-0.016081252644942867,-0.022534011982713098,0,0,0,15,20,chronological_712,rnn,full_safe,42
2152,2025-05-13,2025-06-04,2344.0,2333.0,2288.998172794596,12.744172145845786,0.02,2024-07-03,224,-0.0046928327645051615,-0.02346494334701532,0,0,0,15,20,chronological_712,rnn,full_safe,42
2153,2025-05-14,2025-06-05,2356.0,2335.0,2298.218139685617,12.744172145845786,0.02,2024-07-03,224,-0.008913412563667178,-0.0245254076037279,0,0,0,15,20,chronological_712,rnn,full_safe,42
2154,2025-05-15,2025-06-06,2342.0,2340.0,2278.216853878722,12.744172145845786,0.02,2024-07-03,224,-0.0008539709649871829,-0.027234477421553382,0,0,0,15,20,chronological_712,rnn,full_safe,42
2155,2025-05-16,2025-06-09,2335.0,2357.0,2279.470190742296,12.744172145845786,0.02,2024-07-03,224,0.00942184154175596,-0.023781502894091644,1,0,0,15,20,chronological_712,rnn,full_safe,42
2156,2025-05-19,2025-06-10,2330.0,2379.0,2262.234415648653,12.744172145845786,0.02,2024-07-03,224,0.021030042918454894,-0.029083941781694045,1,0,0,15,20,chronological_712,rnn,full_safe,42
2157,2025-05-20,2025-06-11,2312.0,2374.0,2240.8462733448914,12.744172145845786,0.02,2024-07-03,224,0.026816608996539815,-0.030775833328334112,1,0,0,15,20,chronological_712,rnn,full_safe,42
2158,2025-05-21,2025-06-12,2324.0,2372.0,2254.868710964905,12.744172145845786,0.02,2024-07-03,224,0.0206540447504302,-0.02974668202887054,1,0,0,15,20,chronological_712,rnn,full_safe,42
2159,2025-05-22,2025-06-13,2329.0,2378.0,2247.1094743566355,12.744172145845786,0.02,2024-07-03,224,0.021039072563331818,-0.035161239005308986,1,0,0,15,20,chronological_712,rnn,full_safe,42
2160,2025-05-23,2025-06-16,2327.0,2359.0,2243.016699732362,12.744172145845786,0.02,2024-07-03,224,0.013751611516974682,-0.036090803724812104,1,0,0,15,20,chronological_712,rnn,full_safe,42
2161,2025-05-26,2025-06-17,2318.0,2399.0,2234.851325963335,12.744172145845786,0.02,2024-07-03,224,0.03494391716997414,-0.035870868868276506,1,0,0,15,20,chronological_712,rnn,full_safe,42
2162,2025-05-27,2025-06-18,2324.0,2397.0,2254.233691120265,12.744172145845786,0.02,2024-07-03,224,0.03141135972461284,-0.030019926368216376,1,0,0,15,20,chronological_712,rnn,full_safe,42
2163,2025-05-28,2025-06-19,2325.0,2405.0,2262.3576913082716,12.744172145845786,0.02,2024-07-03,224,0.03440860215053765,-0.02694292846956059,1,0,0,15,20,chronological_712,rnn,full_safe,42
2164,2025-05-29,2025-06-20,2332.0,2409.0,2267.042798410979,12.744172145845786,0.02,2024-07-03,224,0.03301886792452824,-0.02785471766253056,1,0,0,15,20,chronological_712,rnn,full_safe,42
2165,2025-05-30,2025-06-23,2336.0,2408.0,2274.740237404754,12.744172145845786,0.02,2024-07-03,224,0.03082191780821919,-0.02622421343974557,1,0,0,15,20,chronological_712,rnn,full_safe,42
2166,2025-06-03,2025-06-24,2325.0,2389.0,2261.8242945230904,12.744172145845786,0.02,2024-07-03,224,0.027526881720430163,-0.02717234644168154,1,0,0,15,20,chronological_712,rnn,full_safe,42
2167,2025-06-04,2025-06-25,2333.0,2377.0,2263.7888081627952,12.744172145845786,0.02,2024-07-03,224,0.018859837119588496,-0.029666177384142678,1,0,0,15,20,chronological_712,rnn,full_safe,42
2168,2025-06-05,2025-06-26,2335.0,2378.0,2262.1829507771017,12.744172145845786,0.02,2024-07-03,224,0.018415417558886427,-0.03118503178710852,1,0,0,15,20,chronological_712,rnn,full_safe,42
2169,2025-06-06,2025-06-27,2340.0,2384.0,2279.636530149822,12.744172145845786,0.02,2024-07-03,224,0.018803418803418737,-0.025796354636828167,1,0,0,15,20,chronological_712,rnn,full_safe,42
2170,2025-06-09,2025-06-30,2357.0,2378.0,2286.0266108535175,12.744172145845786,0.02,2024-07-03,224,0.008909630886720477,-0.030111747622606044,1,0,0,15,20,chronological_712,rnn,full_safe,42
2171,2025-06-10,2025-07-01,2379.0,2383.0,2310.313080451211,12.744172145845786,0.02,2024-07-03,224,0.0016813787305589578,-0.02887218139923875,1,0,0,15,20,chronological_712,rnn,full_safe,42
2172,2025-06-11,2025-07-02,2374.0,2363.0,2293.200296955525,12.744172145845786,0.02,2024-07-03,224,-0.004633529907329348,-0.03403525823271902,0,0,0,15,20,chronological_712,rnn,full_safe,42
2173,2025-06-12,2025-07-03,2372.0,2363.0,2309.0354847217313,12.744172145845786,0.02,2024-07-03,224,-0.003794266441821237,-0.026544905260652896,0,0,0,15,20,chronological_712,rnn,full_safe,42
2174,2025-06-13,2025-07-04,2378.0,2353.0,2305.9468538683413,12.744172145845786,0.02,2024-07-03,224,-0.010513036164844447,-0.03029989324291782,0,0,0,15,20,chronological_712,rnn,full_safe,42
2175,2025-06-16,2025-07-07,2359.0,2326.0,2288.899219914757,12.744172145845786,0.02,2024-07-03,224,-0.013988978380669814,-0.02971631203274394,0,0,0,15,20,chronological_712,rnn,full_safe,42
2176,2025-06-17,2025-07-08,2399.0,2321.0,2315.834528999718,12.744172145845786,0.02,2024-07-03,224,-0.03251354731137979,-0.03466672405180582,0,0,0,15,20,chronological_712,rnn,full_safe,42
2177,2025-06-18,2025-07-09,2397.0,2319.0,2329.6735728601934,12.744172145845786,0.02,2024-07-03,224,-0.03254067584480602,-0.028087787709556333,0,0,0,15,20,chronological_712,rnn,full_safe,42
2178,2025-06-19,2025-07-10,2405.0,2320.0,2339.475134698838,12.744172145845786,0.02,2024-07-03,224,-0.03534303534303529,-0.027245266237489463,0,0,0,15,20,chronological_712,rnn,full_safe,42
2179,2025-06-20,2025-07-11,2409.0,2306.0,2357.9255361531123,12.744172145845786,0.02,2024-07-03,224,-0.04275633042756333,-0.021201520899496784,0,0,0,15,20,chronological_712,rnn,full_safe,42
2180,2025-06-23,2025-07-14,2408.0,2302.0,2363.6560824907665,12.744172145845786,0.02,2024-07-03,224,-0.04401993355481726,-0.01841524813506379,0,0,0,15,20,chronological_712,rnn,full_safe,42
2181,2025-06-24,2025-07-15,2389.0,2295.0,2344.234928713937,12.744172145845786,0.02,2024-07-03,224,-0.039347007115948074,-0.01873799551530475,0,0,0,15,20,chronological_712,rnn,full_safe,42
2182,2025-06-25,2025-07-16,2377.0,2293.0,2330.4150732187063,12.744172145845786,0.02,2024-07-03,224,-0.03533866217921755,-0.01959820226390141,0,0,0,15,20,chronological_712,rnn,full_safe,42
2183,2025-06-26,2025-07-17,2378.0,2296.0,2330.9828414649483,12.744172145845786,0.02,2024-07-03,224,-0.03448275862068961,-0.01977172352188883,0,0,0,15,20,chronological_712,rnn,full_safe,42
2184,2025-06-27,2025-07-18,2384.0,2314.0,2332.3197634724656,12.744172145845786,0.02,2024-07-03,224,-0.02936241610738255,-0.021677951563563114,0,0,0,15,20,chronological_712,rnn,full_safe,42
2185,2025-06-30,2025-07-21,2378.0,2320.0,2333.122791586894,12.744172145845786,0.02,2024-07-03,224,-0.024390243902439046,-0.018871828600969698,0,0,0,15,20,chronological_712,rnn,full_safe,42
2186,2025-07-01,2025-07-22,2383.0,2322.0,2344.435050154576,12.744172145845786,0.02,2024-07-03,224,-0.025597985732270234,-0.01618336124440789,0,0,0,15,20,chronological_712,rnn,full_safe,42
2187,2025-07-02,2025-07-23,2363.0,2321.0,2327.9409529579843,12.744172145845786,0.02,2024-07-03,224,-0.01777401608125262,-0.014836668236147155,0,0,0,15,20,chronological_712,rnn,full_safe,42
2188,2025-07-03,2025-07-24,2363.0,2318.0,2341.421582016861,12.744172145845786,0.02,2024-07-03,224,-0.01904358865848499,-0.009131789243816746,0,0,0,15,20,chronological_712,rnn,full_safe,42
2189,2025-07-04,2025-07-25,2353.0,2311.0,2333.626077835939,12.744172145845786,0.02,2024-07-03,224,-0.017849553761155934,-0.008233711076948924,0,0,0,15,20,chronological_712,rnn,full_safe,42
2190,2025-07-07,2025-07-28,2326.0,2319.0,2321.326094261418,12.744172145845786,0.02,2024-07-03,224,-0.003009458297506429,-0.0020094177723912754,0,0,0,15,20,chronological_712,rnn,full_safe,42
2191,2025-07-08,2025-07-29,2321.0,2302.0,2326.234821805725,12.744172145845786,0.02,2024-07-03,224,-0.008186126669538996,0.002255416547059408,0,1,0,15,20,chronological_712,rnn,full_safe,42
2192,2025-07-09,2025-07-30,2319.0,2312.0,2328.0770895093347,12.744172145845786,0.02,2024-07-03,224,-0.003018542475204833,0.003914225747880362,0,1,0,15,20,chronological_712,rnn,full_safe,42
2193,2025-07-10,2025-07-31,2320.0,2288.0,2333.658588693116,12.744172145845786,0.02,2024-07-03,224,-0.01379310344827589,0.005887322712549992,0,1,0,15,20,chronological_712,rnn,full_safe,42
2194,2025-07-11,2025-08-01,2306.0,2297.0,2321.6278245584326,12.744172145845786,0.02,2024-07-03,224,-0.0039028620988724727,0.00677702712854833,0,1,0,15,20,chronological_712,rnn,full_safe,42
2195,2025-07-14,2025-08-04,2302.0,2284.0,2356.0258737907643,12.744172145845786,0.02,2024-07-03,224,-0.007819287576020906,0.023469102428655297,0,1,1,15,20,chronological_712,rnn,full_safe,42
2196,2025-07-15,2025-08-05,2295.0,2249.0,2343.9719728337386,12.744172145845786,0.02,2024-07-03,224,-0.020043572984749458,0.021338550254352384,0,1,1,15,20,chronological_712,rnn,full_safe,42
2197,2025-07-16,2025-08-06,2293.0,2259.0,2344.144909573357,12.744172145845786,0.02,2024-07-03,224,-0.014827736589620555,0.022304801383932427,0,1,1,15,20,chronological_712,rnn,full_safe,42
2198,2025-07-17,2025-08-07,2296.0,2267.0,2344.5673092642446,12.744172145845786,0.02,2024-07-03,224,-0.012630662020905903,0.02115300926143049,0,1,1,15,20,chronological_712,rnn,full_safe,42
2199,2025-07-18,2025-08-08,2314.0,2255.0,2353.8244243190693,12.744172145845786,0.02,2024-07-03,224,-0.02549697493517722,0.017210209299511448,0,1,0,15,20,chronological_712,rnn,full_safe,42
2200,2025-07-21,2025-08-11,2320.0,2262.0,2356.0455876700835,12.744172145845786,0.02,2024-07-03,224,-0.025000000000000022,0.015536891237105,0,1,0,15,20,chronological_712,rnn,full_safe,42
2201,2025-07-22,2025-08-12,2322.0,2260.0,2361.4251758247574,12.744172145845786,0.02,2024-07-03,224,-0.0267011197243755,0.0169789732234098,0,1,0,15,20,chronological_712,rnn,full_safe,42
2202,2025-07-23,2025-08-13,2321.0,2212.0,2364.1142739510233,12.744172145845786,0.02,2024-07-03,224,-0.046962516156829004,0.018575731990962296,0,1,0,15,20,chronological_712,rnn,full_safe,42
2203,2025-07-24,2025-08-14,2318.0,2202.0,2361.4951970243565,12.744172145845786,0.02,2024-07-03,224,-0.050043140638481476,0.01876410570507181,0,1,0,15,20,chronological_712,rnn,full_safe,42
2204,2025-07-25,2025-08-15,2311.0,2190.0,2355.4755611336313,12.744172145845786,0.02,2024-07-03,224,-0.05235828645607965,0.01924515843082264,0,1,0,15,20,chronological_712,rnn,full_safe,42
2205,2025-07-28,2025-08-18,2319.0,2177.0,2362.2405180122187,12.744172145845786,0.02,2024-07-03,224,-0.061233290211297975,0.018646191467105888,0,1,0,15,20,chronological_712,rnn,full_safe,42
2206,2025-07-29,2025-08-19,2302.0,2170.0,2351.4583185051933,12.744172145845786,0.02,2024-07-03,224,-0.05734144222415294,0.021484934189918814,0,1,1,15,20,chronological_712,rnn,full_safe,42
2207,2025-07-30,2025-08-20,2312.0,2170.0,2360.20964756835,12.744172145845786,0.02,2024-07-03,224,-0.061418685121107264,0.020851923688732787,0,1,1,15,20,chronological_712,rnn,full_safe,42
2208,2025-07-31,2025-08-21,2288.0,2166.0,2334.026065061722,12.744172145845786,0.02,2024-07-03,224,-0.053321678321678334,0.020116287177325942,0,1,1,15,20,chronological_712,rnn,full_safe,42
2209,2025-08-01,2025-08-22,2297.0,2175.0,2338.7665854930774,12.744172145845786,0.02,2024-07-03,224,-0.05311275576839358,0.018183102086668512,0,1,0,15,20,chronological_712,rnn,full_safe,42
2210,2025-08-04,2025-08-25,2284.0,2154.0,2327.353257786177,12.744172145845786,0.02,2024-07-03,224,-0.056917688266199695,0.01898128624613693,0,1,0,15,20,chronological_712,rnn,full_safe,42
2211,2025-08-05,2025-08-26,2249.0,2158.0,2294.3978867179985,12.744172145845786,0.02,2024-07-03,224,-0.040462427745664775,0.020185810012449235,0,1,1,15,20,chronological_712,rnn,full_safe,42
2212,2025-08-06,2025-08-27,2259.0,2164.0,2257.479237635556,12.744172145845786,0.02,2024-07-03,224,-0.04205400619743249,-0.0006732015778858624,0,0,0,15,20,chronological_712,rnn,full_safe,42
2213,2025-08-07,2025-08-28,2267.0,2185.0,2260.0258149246256,12.744172145845786,0.02,2024-07-03,224,-0.036171151301279236,-0.0030763939459084177,0,0,0,15,20,chronological_712,rnn,full_safe,42
2214,2025-08-08,2025-08-29,2255.0,2191.0,2246.5900889129157,12.744172145845786,0.02,2024-07-03,224,-0.028381374722838193,-0.003729450592942052,0,0,0,15,20,chronological_712,rnn,full_safe,42
2215,2025-08-11,2025-09-01,2262.0,2193.0,2246.5466913925557,12.744172145845786,0.02,2024-07-03,224,-0.0305039787798409,-0.0068317014179682944,0,0,0,15,20,chronological_712,rnn,full_safe,42
2216,2025-08-12,2025-09-02,2260.0,2200.0,2248.077868967399,12.744172145845786,0.02,2024-07-03,224,-0.026548672566371723,-0.005275279217965112,0,0,0,15,20,chronological_712,rnn,full_safe,42
2217,2025-08-13,2025-09-03,2212.0,2193.0,2202.386458369427,12.744172145845786,0.02,2024-07-03,224,-0.008589511754068746,-0.00434608572810713,0,0,0,15,20,chronological_712,rnn,full_safe,42
2218,2025-08-14,2025-09-04,2202.0,2210.0,2195.2146612774695,12.744172145845786,0.02,2024-07-03,224,0.0036330608537693543,-0.0030814435615488245,1,0,0,15,20,chronological_712,rnn,full_safe,42
2219,2025-08-15,2025-09-05,2190.0,2224.0,2171.513074641133,12.744172145845786,0.02,2024-07-03,224,0.01552511415525104,-0.00844151842870644,1,0,0,15,20,chronological_712,rnn,full_safe,42
2220,2025-08-18,2025-09-08,2177.0,2231.0,2163.922833416926,12.744172145845786,0.02,2024-07-03,224,0.02480477721635288,-0.006006966735449648,1,0,0,15,20,chronological_712,rnn,full_safe,42
2221,2025-08-19,2025-09-09,2170.0,2214.0,2152.164704563562,12.744172145845786,0.02,2024-07-03,224,0.02027649769585249,-0.008219030155040663,1,0,0,15,20,chronological_712,rnn,full_safe,42
2222,2025-08-20,2025-09-10,2170.0,2197.0,2161.562664491779,12.744172145845786,0.02,2024-07-03,224,0.012442396313363968,-0.0038881730452632324,1,0,0,15,20,chronological_712,rnn,full_safe,42
2223,2025-08-21,2025-09-11,2166.0,2202.0,2157.421840837436,12.744172145845786,0.02,2024-07-03,224,0.016620498614958512,-0.0039603689577858425,1,0,0,15,20,chronological_712,rnn,full_safe,42
2224,2025-08-22,2025-09-12,2175.0,2197.0,2169.111809095085,12.744172145845786,0.02,2024-07-03,224,0.010114942528735682,-0.0027072142091563167,1,0,0,15,20,chronological_712,rnn,full_safe,42
2225,2025-08-25,2025-09-15,2154.0,2167.0,2144.264125973992,12.744172145845786,0.02,2024-07-03,224,0.00603528319405755,-0.004519904376048212,1,0,0,15,20,chronological_712,rnn,full_safe,42
2226,2025-08-26,2025-09-16,2158.0,2166.0,2160.0471458160346,12.744172145845786,0.02,2024-07-03,224,0.003707136237256714,0.0009486310546962251,1,1,0,15,20,chronological_712,rnn,full_safe,42
2227,2025-08-27,2025-09-17,2164.0,2161.0,2156.8244378583413,12.744172145845786,0.02,2024-07-03,224,-0.0013863216266173373,-0.0033158789933728228,0,0,0,15,20,chronological_712,rnn,full_safe,42
2228,2025-08-28,2025-09-18,2185.0,2177.0,2179.0066603341893,12.744172145845786,0.02,2024-07-03,224,-0.0036613272311213363,-0.0027429472154739676,0,0,0,15,20,chronological_712,rnn,full_safe,42
2229,2025-08-29,2025-09-19,2191.0,2168.0,2222.158868593982,12.744172145845786,0.02,2024-07-03,224,-0.010497489730716514,0.014221300134177106,0,1,0,15,20,chronological_712,rnn,full_safe,42
2230,2025-09-01,2025-09-22,2193.0,2147.0,2231.587166307664,12.744172145845786,0.02,2024-07-03,224,-0.020975832193342425,0.017595607071438257,0,1,0,15,20,chronological_712,rnn,full_safe,42
2231,2025-09-02,2025-09-23,2200.0,2158.0,2233.558522282644,12.744172145845786,0.02,2024-07-03,224,-0.019090909090909047,0.015253873764838222,0,1,0,15,20,chronological_712,rnn,full_safe,42
2232,2025-09-03,2025-09-24,2193.0,2164.0,2236.4760414925922,12.744172145845786,0.02,2024-07-03,224,-0.013223894208846287,0.019824916321291575,0,1,0,15,20,chronological_712,rnn,full_safe,42
2233,2025-09-04,2025-09-25,2210.0,2165.0,2210.6083657352806,12.744172145845786,0.02,2024-07-03,224,-0.020361990950226283,0.0002752786132491636,0,1,0,15,20,chronological_712,rnn,full_safe,42
2234,2025-09-05,2025-09-26,2224.0,2178.0,2235.337376771059,12.744172145845786,0.02,2024-07-03,224,-0.020683453237410054,0.005097741353893515,0,1,0,15,20,chronological_712,rnn,full_safe,42
2235,2025-09-08,2025-09-29,2231.0,2159.0,2206.814608619153,12.744172145845786,0.02,2024-07-03,224,-0.03227252353204846,-0.01084060572875245,0,0,0,15,20,chronological_712,rnn,full_safe,42
2236,2025-09-09,2025-09-30,2214.0,2143.0,2221.3304276131475,12.744172145845786,0.02,2024-07-03,224,-0.03206865401987358,0.0033109429147006875,0,1,0,15,20,chronological_712,rnn,full_safe,42
2237,2025-09-10,2025-10-09,2197.0,2138.0,2212.6962011946243,12.744172145845786,0.02,2024-07-03,224,-0.02685480200273105,0.007144379241977417,0,1,0,15,20,chronological_712,rnn,full_safe,42
2238,2025-09-11,2025-10-10,2202.0,2125.0,2226.7947620138066,12.744172145845786,0.02,2024-07-03,224,-0.034968210717529535,0.011260109906360949,0,1,0,15,20,chronological_712,rnn,full_safe,42
2239,2025-09-12,2025-10-13,2197.0,2092.0,2159.2148877566215,12.744172145845786,0.02,2024-07-03,224,-0.047792444242148346,-0.01719850352452368,0,0,0,15,20,chronological_712,rnn,full_safe,42
2240,2025-09-15,2025-10-14,2167.0,2111.0,2235.215095327256,12.744172145845786,0.02,2024-07-03,224,-0.025842178126442072,0.03147904722069961,0,1,1,15,20,chronological_712,rnn,full_safe,42
2241,2025-09-16,2025-10-15,2166.0,2127.0,2225.986840937256,12.744172145845786,0.02,2024-07-03,224,-0.018005540166205036,0.027694755742038835,0,1,1,15,20,chronological_712,rnn,full_safe,42
2242,2025-09-17,2025-10-16,2161.0,2136.0,2218.670364139474,12.744172145845786,0.02,2024-07-03,224,-0.011568718186025007,0.026686887616600652,0,1,1,15,20,chronological_712,rnn,full_safe,42
2243,2025-09-18,2025-10-17,2177.0,2117.0,2218.7825826989124,12.744172145845786,0.02,2024-07-03,224,-0.027560863573725336,0.019192734358710384,0,1,0,15,20,chronological_712,rnn,full_safe,42
2244,2025-09-19,2025-10-20,2168.0,2138.0,2200.7989087578276,12.744172145845786,0.02,2024-07-03,224,-0.013837638376383743,0.01512864795102753,0,1,0,15,20,chronological_712,rnn,full_safe,42
2245,2025-09-22,2025-10-21,2147.0,2144.0,2182.106955469561,12.744172145845786,0.02,2024-07-03,224,-0.0013972985561248041,0.016351632729185273,0,1,0,15,20,chronological_712,rnn,full_safe,42
2246,2025-09-23,2025-10-22,2158.0,2133.0,2176.534972351445,12.744172145845786,0.02,2024-07-03,224,-0.011584800741427204,0.008588958457574236,0,1,0,15,20,chronological_712,rnn,full_safe,42
2247,2025-09-24,2025-10-23,2164.0,2140.0,2188.6730052711127,12.744172145845786,0.02,2024-07-03,224,-0.011090573012939031,0.011401573600329451,0,1,0,15,20,chronological_712,rnn,full_safe,42
2248,2025-09-25,2025-10-24,2165.0,2133.0,2178.036962590553,12.744172145845786,0.02,2024-07-03,224,-0.014780600461893778,0.006021691727738032,0,1,0,15,20,chronological_712,rnn,full_safe,42
2249,2025-09-26,2025-10-27,2178.0,2112.0,2217.0500373628893,12.744172145845786,0.02,2024-07-03,224,-0.030303030303030276,0.01792931008397125,0,1,0,15,20,chronological_712,rnn,full_safe,42
2250,2025-09-29,2025-10-28,2159.0,2123.0,2167.1879801868713,12.744172145845786,0.02,2024-07-03,224,-0.016674386289949106,0.0037924873491761435,0,1,0,15,20,chronological_712,rnn,full_safe,42
2251,2025-09-30,2025-10-29,2143.0,2116.0,2200.5796557642757,12.744172145845786,0.02,2024-07-03,224,-0.012599160055996261,0.026868714775676983,0,1,1,15,20,chronological_712,rnn,full_safe,42
2252,2025-10-09,2025-10-30,2138.0,2111.0,2197.8692317087607,12.744172145845786,0.02,2024-07-03,224,-0.012628624883068262,0.028002447010645692,0,1,1,15,20,chronological_712,rnn,full_safe,42
2253,2025-10-10,2025-10-31,2125.0,2130.0,2165.012089163184,12.744172145845786,0.02,2024-07-03,224,0.0023529411764706687,0.01882921842973362,1,1,0,15,20,chronological_712,rnn,full_safe,42
2254,2025-10-13,2025-11-03,2092.0,2141.0,2131.5706246780323,12.744172145845786,0.02,2024-07-03,224,0.02342256214149141,0.018915212561200878,1,1,0,15,20,chronological_712,rnn,full_safe,42
2255,2025-10-14,2025-11-04,2111.0,2135.0,2142.6269365870176,12.744172145845786,0.02,2024-07-03,224,0.0113690194220748,0.0149819690132722,1,1,0,15,20,chronological_712,rnn,full_safe,42
2256,2025-10-15,2025-11-05,2127.0,2134.0,2162.636566705224,12.744172145845786,0.02,2024-07-03,224,0.0032910202162670377,0.016754380209320185,1,1,0,15,20,chronological_712,rnn,full_safe,42
2257,2025-10-16,2025-11-06,2136.0,2154.0,2171.8130579589283,12.744172145845786,0.02,2024-07-03,224,0.008426966292134797,0.016766412902119887,1,1,0,15,20,chronological_712,rnn,full_safe,42
2258,2025-10-17,2025-11-07,2117.0,2149.0,2150.300244542635,12.744172145845786,0.02,2024-07-03,224,0.015115729806329803,0.015729921843474326,1,1,0,15,20,chronological_712,rnn,full_safe,42
2259,2025-10-20,2025-11-10,2138.0,2164.0,2156.9171910924147,12.744172145845786,0.02,2024-07-03,224,0.012160898035547207,0.00884807815360844,1,1,0,15,20,chronological_712,rnn,full_safe,42
2260,2025-10-21,2025-11-11,2144.0,2177.0,2155.7445490453765,12.744172145845786,0.02,2024-07-03,224,0.01539179104477606,0.0054778680248956935,1,1,0,15,20,chronological_712,rnn,full_safe,42
2261,2025-10-22,2025-11-12,2133.0,2177.0,2131.916107572484,12.744172145845786,0.02,2024-07-03,224,0.020628223159868675,-0.0005081539744565822,1,0,0,15,20,chronological_712,rnn,full_safe,42
2262,2025-10-23,2025-11-13,2140.0,2186.0,2131.4632138622173,12.744172145845786,0.02,2024-07-03,224,0.021495327102803774,-0.003989152400832974,1,0,0,15,20,chronological_712,rnn,full_safe,42
2263,2025-10-24,2025-11-14,2133.0,2185.0,2124.1745964119023,12.744172145845786,0.02,2024-07-03,224,0.024378809188935868,-0.004137554424799683,1,0,0,15,20,chronological_712,rnn,full_safe,42
2264,2025-10-27,2025-11-17,2112.0,2182.0,2107.388895716534,12.744172145845786,0.02,2024-07-03,224,0.03314393939393945,-0.002183288013004714,1,0,0,15,20,chronological_712,rnn,full_safe,42
2265,2025-10-28,2025-11-18,2123.0,2168.0,2103.875067164889,12.744172145845786,0.02,2024-07-03,224,0.021196420160150664,-0.009008446931281666,1,0,0,15,20,chronological_712,rnn,full_safe,42
2266,2025-10-29,2025-11-19,2116.0,2175.0,2090.6614560679723,12.744172145845786,0.02,2024-07-03,224,0.027882797731568987,-0.011974737207952613,1,0,0,15,20,chronological_712,rnn,full_safe,42
2267,2025-10-30,2025-11-20,2111.0,2168.0,2135.683915655819,12.744172145845786,0.02,2024-07-03,224,0.02700142112742765,0.011692996520994203,1,1,0,15,20,chronological_712,rnn,full_safe,42
2268,2025-10-31,2025-11-21,2130.0,2195.0,2149.8867004740496,12.744172145845786,0.02,2024-07-03,224,0.030516431924882736,0.009336479095797934,1,1,0,15,20,chronological_712,rnn,full_safe,42
2269,2025-11-03,2025-11-24,2141.0,2220.0,2164.8114351069294,12.744172145845786,0.02,2024-07-03,224,0.03689864549276045,0.011121641806132399,1,1,0,15,20,chronological_712,rnn,full_safe,42
2270,2025-11-04,2025-11-25,2135.0,2242.0,2179.2279053101433,12.744172145845786,0.02,2024-07-03,224,0.050117096018735374,0.020715646515289565,1,1,1,15,20,chronological_712,rnn,full_safe,42
2271,2025-11-05,2025-11-26,2134.0,2235.0,2186.5066125592375,12.744172145845786,0.02,2024-07-03,224,0.047328959700093653,0.0246047856416296,1,1,1,15,20,chronological_712,rnn,full_safe,42
2272,2025-11-06,2025-11-27,2154.0,2243.0,2106.263926317864,12.744172145845786,0.02,2024-07-03,224,0.04131847725162485,-0.022161594095699177,1,0,0,15,20,chronological_712,rnn,full_safe,42
2273,2025-11-07,2025-11-28,2149.0,2244.0,2122.734275959541,12.744172145845786,0.02,2024-07-03,224,0.04420660772452312,-0.012222300623759508,1,0,0,15,20,chronological_712,rnn,full_safe,42
2274,2025-11-10,2025-12-01,2164.0,2236.0,2143.4602811822865,12.744172145845786,0.02,2024-07-03,224,0.03327171903881698,-0.009491552133878645,1,0,0,15,20,chronological_712,rnn,full_safe,42
2275,2025-11-11,2025-12-02,2177.0,2243.0,2147.1068162407173,12.744172145845786,0.02,2024-07-03,224,0.030316949931097792,-0.013731365989564814,1,0,0,15,20,chronological_712,rnn,full_safe,42
2276,2025-11-12,2025-12-03,2177.0,2259.0,2152.8620972475605,12.744172145845786,0.02,2024-07-03,224,0.037666513550757896,-0.011087690745263834,1,0,0,15,20,chronological_712,rnn,full_safe,42
2277,2025-11-13,2025-12-04,2186.0,2287.0,2172.5944973870705,12.744172145845786,0.02,2024-07-03,224,0.04620311070448313,-0.006132434864103087,1,0,0,15,20,chronological_712,rnn,full_safe,42
2278,2025-11-14,2025-12-05,2185.0,2295.0,2178.8393799724086,12.744172145845786,0.02,2024-07-03,224,0.05034324942791768,-0.002819505733451466,1,0,0,15,20,chronological_712,rnn,full_safe,42
2279,2025-11-17,2025-12-08,2182.0,2261.0,2185.1067424874964,12.744172145845786,0.02,2024-07-03,224,0.036205316223647976,0.001423804989686639,1,1,0,15,20,chronological_712,rnn,full_safe,42
2280,2025-11-18,2025-12-09,2168.0,2236.0,2140.300890568977,12.744172145845786,0.02,2024-07-03,224,0.03136531365313644,-0.012776341988479212,1,0,0,15,20,chronological_712,rnn,full_safe,42
2281,2025-11-19,2025-12-10,2175.0,2236.0,2155.189535167743,12.744172145845786,0.02,2024-07-03,224,0.02804597701149425,-0.009108259692991671,1,0,0,15,20,chronological_712,rnn,full_safe,42
2282,2025-11-20,2025-12-11,2168.0,2236.0,2148.154741015204,12.744172145845786,0.02,2024-07-03,224,0.03136531365313644,-0.009153717243909676,1,0,0,15,20,chronological_712,rnn,full_safe,42
2283,2025-11-21,2025-12-12,2195.0,2233.0,2195.915327772119,12.744172145845786,0.02,2024-07-03,224,0.017312072892938568,0.0004170058187329406,1,1,0,15,20,chronological_712,rnn,full_safe,42
2284,2025-11-24,2025-12-15,2220.0,2208.0,2228.018634581525,12.744172145845786,0.02,2024-07-03,224,-0.00540540540540535,0.003611997559245461,0,1,0,15,20,chronological_712,rnn,full_safe,42
2285,2025-11-25,2025-12-16,2242.0,2202.0,2249.3250772006227,12.744172145845786,0.02,2024-07-03,224,-0.017841213202497763,0.0032672066015266843,0,1,0,15,20,chronological_712,rnn,full_safe,42
2286,2025-11-26,2025-12-17,2235.0,2206.0,2250.84268372958,12.744172145845786,0.02,2024-07-03,224,-0.012975391498881383,0.007088449096009031,0,1,0,15,20,chronological_712,rnn,full_safe,42
2287,2025-11-27,2025-12-18,2243.0,2190.0,2215.9913537529674,12.744172145845786,0.02,2024-07-03,224,-0.023629068212215776,-0.012041304613032877,0,0,0,15,20,chronological_712,rnn,full_safe,42
2288,2025-11-28,2025-12-19,2244.0,2192.0,2193.0811984137217,12.744172145845786,0.02,2024-07-03,224,-0.02317290552584672,-0.022691088050926123,0,0,0,15,20,chronological_712,rnn,full_safe,42
2289,2025-12-01,2025-12-22,2236.0,2192.0,2184.1731596333693,12.744172145845786,0.02,2024-07-03,224,-0.019677996422182487,-0.023178372256990487,0,0,0,15,20,chronological_712,rnn,full_safe,42
2290,2025-12-02,2025-12-23,2243.0,2189.0,2198.258342923673,12.744172145845786,0.02,2024-07-03,224,-0.024074899687917983,-0.019947238999699968,0,0,0,15,20,chronological_712,rnn,full_safe,42
2291,2025-12-03,2025-12-24,2259.0,2196.0,2201.7399020705534,12.744172145845786,0.02,2024-07-03,224,-0.027888446215139417,-0.025347542244110954,0,0,0,15,20,chronological_712,rnn,full_safe,42
2292,2025-12-04,2025-12-25,2287.0,2189.0,2214.782103259283,12.744172145845786,0.02,2024-07-03,224,-0.042850896370791425,-0.031577567442377386,0,0,0,15,20,chronological_712,rnn,full_safe,42
2293,2025-12-05,2025-12-26,2295.0,2222.0,2208.562365457158,12.744172145845786,0.02,2024-07-03,224,-0.03180827886710236,-0.03766345731714238,0,0,0,15,20,chronological_712,rnn,full_safe,42
2294,2025-12-08,2025-12-29,2261.0,2249.0,2183.4716018952563,12.744172145845786,0.02,2024-07-03,224,-0.005307386112339718,-0.03428942861775486,0,0,0,15,20,chronological_712,rnn,full_safe,42
2295,2025-12-09,2025-12-30,2236.0,2230.0,2077.418458792157,12.744172145845786,0.02,2024-07-03,224,-0.0026833631484793896,-0.07092197728436633,0,0,0,15,20,chronological_712,rnn,full_safe,42
2296,2025-12-10,2025-12-31,2236.0,2226.0,2139.840937926418,12.744172145845786,0.02,2024-07-03,224,-0.004472271914132353,-0.04300494726009929,0,0,0,15,20,chronological_712,rnn,full_safe,42
2297,2025-12-11,2026-01-05,2236.0,2224.0,2120.641735728926,12.744172145845786,0.02,2024-07-03,224,-0.00536672629695889,-0.05159135253625846,0,0,0,15,20,chronological_712,rnn,full_safe,42
2298,2025-12-12,2026-01-06,2233.0,2222.0,2138.4820437493713,12.744172145845786,0.02,2024-07-03,224,-0.0049261083743842304,-0.0423277905287186,0,0,0,15,20,chronological_712,rnn,full_safe,42
2299,2025-12-15,2026-01-07,2208.0,2248.0,2124.136951140191,12.744172145845786,0.02,2024-07-03,224,0.018115942028985588,-0.0379814532879571,1,0,0,15,20,chronological_712,rnn,full_safe,42
2300,2025-12-16,2026-01-08,2202.0,2266.0,2239.8036960311856,12.744172145845786,0.02,2024-07-03,224,0.02906448683015439,0.017167891022336734,1,1,0,15,20,chronological_712,rnn,full_safe,42
2301,2025-12-17,2026-01-09,2206.0,2263.0,2076.1604917234977,12.744172145845786,0.02,2024-07-03,224,0.025838621940163176,-0.05885743802198651,1,0,0,15,20,chronological_712,rnn,full_safe,42
2302,2025-12-18,2026-01-12,2190.0,2290.0,2121.955307867855,12.744172145845786,0.02,2024-07-03,224,0.04566210045662111,-0.03107063567677848,1,0,0,15,20,chronological_712,rnn,full_safe,42
2303,2025-12-19,2026-01-13,2192.0,2284.0,2098.8245502421646,12.744172145845786,0.02,2024-07-03,224,0.04197080291970812,-0.04250704824718765,1,0,0,15,20,chronological_712,rnn,full_safe,42
2304,2025-12-22,2026-01-14,2192.0,2272.0,2102.0631088405785,12.744172145845786,0.02,2024-07-03,224,0.03649635036496357,-0.04102960363112296,1,0,0,15,20,chronological_712,rnn,full_safe,42
2305,2025-12-23,2026-01-15,2189.0,2295.0,2102.4511512734884,12.744172145845786,0.02,2024-07-03,224,0.04842393787117416,-0.039538076165606006,1,0,0,15,20,chronological_712,rnn,full_safe,42
2306,2025-12-24,2026-01-16,2196.0,2281.0,2119.796339817661,12.744172145845786,0.02,2024-07-03,224,0.03870673952641157,-0.03470112030161143,1,0,0,15,20,chronological_712,rnn,full_safe,42
2307,2025-12-25,2026-01-19,2189.0,2281.0,2113.3231426717643,12.744172145845786,0.02,2024-07-03,224,0.04202832343535867,-0.034571428656114955,1,0,0,15,20,chronological_712,rnn,full_safe,42
2308,2025-12-26,2026-01-20,2222.0,2280.0,2137.7583256508783,12.744172145845786,0.02,2024-07-03,224,0.026102610261026005,-0.0379125447115759,1,0,0,15,20,chronological_712,rnn,full_safe,42
2309,2025-12-29,2026-01-21,2249.0,2283.0,2162.077270598041,12.744172145845786,0.02,2024-07-03,224,0.015117830146731848,-0.038649501734975056,1,0,0,15,20,chronological_712,rnn,full_safe,42
2310,2025-12-30,2026-01-22,2230.0,2295.0,2141.254130490091,12.744172145845786,0.02,2024-07-03,224,0.029147982062780242,-0.039796354040317894,1,0,0,15,20,chronological_712,rnn,full_safe,42
2311,2025-12-31,2026-01-23,2226.0,2300.0,2139.5356000463003,12.744172145845786,0.02,2024-07-03,224,0.03324348607367478,-0.038842946969317005,1,0,0,15,20,chronological_712,rnn,full_safe,42
2312,2026-01-05,2026-01-26,2224.0,2293.0,2131.3107934761124,12.744172145845786,0.02,2024-07-03,224,0.031025179856115193,-0.04167680149455377,1,0,0,15,20,chronological_712,rnn,full_safe,42
2313,2026-01-06,2026-01-27,2222.0,2283.0,2165.2326985511704,12.744172145845786,0.02,2024-07-03,224,0.027452745274527457,-0.025547840436016878,1,0,0,15,20,chronological_712,rnn,full_safe,42
2314,2026-01-07,2026-01-28,2248.0,2274.0,2196.8097314215615,12.744172145845786,0.02,2024-07-03,224,0.011565836298932375,-0.02277147178756156,1,0,0,15,20,chronological_712,rnn,full_safe,42
2315,2026-01-08,2026-01-29,2266.0,2281.0,2262.0610031057513,12.744172145845786,0.02,2024-07-03,224,0.006619593998234752,-0.001738304013348957,1,0,0,15,20,chronological_712,rnn,full_safe,42
2316,2026-01-09,2026-01-30,2263.0,2271.0,2250.5654040400927,12.744172145845786,0.02,2024-07-03,224,0.0035351303579318483,-0.005494739708310714,1,0,0,15,20,chronological_712,rnn,full_safe,42
2317,2026-01-12,2026-02-02,2290.0,2261.0,2262.621215311793,12.744172145845786,0.02,2024-07-03,224,-0.01266375545851528,-0.011955801173889502,0,0,0,15,20,chronological_712,rnn,full_safe,42
2318,2026-01-13,2026-02-03,2284.0,2267.0,2226.8457936913237,12.744172145845786,0.02,2024-07-03,224,-0.007443082311733851,-0.025023733059840736,0,0,0,15,20,chronological_712,rnn,full_safe,42
2319,2026-01-14,2026-02-04,2272.0,2271.0,2235.735226432838,12.744172145845786,0.02,2024-07-03,224,-0.0004401408450703803,-0.015961608084138268,0,0,0,15,20,chronological_712,rnn,full_safe,42
2320,2026-01-15,2026-02-05,2295.0,2273.0,2238.8797464181594,12.744172145845786,0.02,2024-07-03,224,-0.009586056644880214,-0.024453269534571054,0,0,0,15,20,chronological_712,rnn,full_safe,42
2321,2026-01-16,2026-02-06,2281.0,2279.0,2234.8002871842764,12.744172145845786,0.02,2024-07-03,224,-0.0008768084173608193,-0.020254148538239147,0,0,0,15,20,chronological_712,rnn,full_safe,42
2322,2026-01-19,2026-02-09,2281.0,2274.0,2240.1210177626544,12.744172145845786,0.02,2024-07-03,224,-0.003068829460762812,-0.017921517859423752,0,0,0,15,20,chronological_712,rnn,full_safe,42
2323,2026-01-20,2026-02-10,2280.0,2286.0,2237.143937923798,12.744172145845786,0.02,2024-07-03,224,0.002631578947368318,-0.018796518454474498,1,0,0,15,20,chronological_712,rnn,full_safe,42
2324,2026-01-21,2026-02-11,2283.0,2316.0,2247.496281121317,12.744172145845786,0.02,2024-07-03,224,0.014454664914586024,-0.015551344230697706,1,0,0,15,20,chronological_712,rnn,full_safe,42
2325,2026-01-22,2026-02-12,2295.0,2320.0,2260.729286528184,12.744172145845786,0.02,2024-07-03,224,0.01089324618736387,-0.014932772754604029,1,0,0,15,20,chronological_712,rnn,full_safe,42
2326,2026-01-23,2026-02-13,2300.0,2320.0,2260.0839765498504,12.744172145845786,0.02,2024-07-03,224,0.008695652173912993,-0.017354792804412877,1,0,0,15,20,chronological_712,rnn,full_safe,42
2327,2026-01-26,2026-02-24,2293.0,2332.0,2252.0943304262673,12.744172145845786,0.02,2024-07-03,224,0.017008286088094238,-0.017839367454746013,1,0,0,15,20,chronological_712,rnn,full_safe,42
2328,2026-01-27,2026-02-25,2283.0,2342.0,2250.7354078430544,12.744172145845786,0.02,2024-07-03,224,0.025843188786684124,-0.01413254146164944,1,0,0,15,20,chronological_712,rnn,full_safe,42
2329,2026-01-28,2026-02-26,2274.0,2342.0,2230.1967483877147,12.744172145845786,0.02,2024-07-03,224,0.029903254177660488,-0.01926264362897334,1,0,0,15,20,chronological_712,rnn,full_safe,42
2330,2026-01-29,2026-02-27,2281.0,2360.0,2239.5847555054615,12.744172145845786,0.02,2024-07-03,224,0.03463393248575186,-0.01815661748993358,1,0,0,15,20,chronological_712,rnn,full_safe,42
2331,2026-01-30,2026-03-02,2271.0,2384.0,2220.3085406407226,12.744172145845786,0.02,2024-07-03,224,0.049757815940114414,-0.02232120623482048,1,0,0,15,20,chronological_712,rnn,full_safe,42
2332,2026-02-02,2026-03-03,2261.0,2373.0,2220.328034372254,12.744172145845786,0.02,2024-07-03,224,0.049535603715170184,-0.01798848546118792,1,0,0,15,20,chronological_712,rnn,full_safe,42
2333,2026-02-03,2026-03-04,2267.0,2379.0,2206.226945404283,12.744172145845786,0.02,2024-07-03,224,0.049404499338332686,-0.026807699424665654,1,0,0,15,20,chronological_712,rnn,full_safe,42
2334,2026-02-04,2026-03-05,2271.0,2384.0,2212.6995158391387,12.744172145845786,0.02,2024-07-03,224,0.049757815940114414,-0.025671723540669822,1,0,0,15,20,chronological_712,rnn,full_safe,42
2335,2026-02-05,2026-03-06,2273.0,2393.0,2206.463664639256,12.744172145845786,0.02,2024-07-03,224,0.05279366476022873,-0.029272474861744002,1,0,0,15,20,chronological_712,rnn,full_safe,42
2336,2026-02-06,2026-03-09,2279.0,2395.0,2210.201505992671,12.744172145845786,0.02,2024-07-03,224,0.050899517332163136,-0.030188018432351416,1,0,0,15,20,chronological_712,rnn,full_safe,42
2337,2026-02-09,2026-03-10,2274.0,2381.0,2203.324614616307,12.744172145845786,0.02,2024-07-03,224,0.04705364995602457,-0.0310797649004807,1,0,0,15,20,chronological_712,rnn,full_safe,42
2338,2026-02-10,2026-03-11,2286.0,2395.0,2215.7922087742904,12.744172145845786,0.02,2024-07-03,224,0.0476815398075241,-0.030712069652541363,1,0,0,15,20,chronological_712,rnn,full_safe,42
2339,2026-02-11,2026-03-12,2316.0,2396.0,2242.1002706518284,12.744172145845786,0.02,2024-07-03,224,0.0345423143350605,-0.031908346005255495,1,0,0,15,20,chronological_712,rnn,full_safe,42
2340,2026-02-12,2026-03-13,2320.0,2386.0,2245.4385242411727,12.744172145845786,0.02,2024-07-03,224,0.028448275862068995,-0.03213856713742558,1,0,0,15,20,chronological_712,rnn,full_safe,42
2341,2026-02-13,2026-03-16,2320.0,2379.0,2248.3494177128623,12.744172145845786,0.02,2024-07-03,224,0.02543103448275863,-0.030883871675490338,1,0,0,15,20,chronological_712,rnn,full_safe,42
2342,2026-02-24,2026-03-17,2332.0,2386.0,2238.38851148511,12.744172145845786,0.02,2024-07-03,224,0.023156089193824947,-0.04014214773365776,1,0,0,15,20,chronological_712,rnn,full_safe,42
2343,2026-02-25,2026-03-18,2342.0,2382.0,2299.027417156602,12.744172145845786,0.02,2024-07-03,224,0.01707941929974388,-0.018348669019384256,1,0,0,15,20,chronological_712,rnn,full_safe,42
2344,2026-02-26,2026-03-19,2342.0,2384.0,2296.0105686851134,12.744172145845786,0.02,2024-07-03,224,0.017933390264730953,-0.019636819519592952,1,0,0,15,20,chronological_712,rnn,full_safe,42
2345,2026-02-27,2026-03-20,2360.0,2387.0,2304.561158473517,12.744172145845786,0.02,2024-07-03,224,0.011440677966101598,-0.023491034545119915,1,0,0,15,20,chronological_712,rnn,full_safe,42
2346,2026-03-02,2026-03-23,2384.0,2415.0,2319.759366369618,12.744172145845786,0.02,2024-07-03,224,0.013003355704698016,-0.02694657450938842,1,0,0,15,20,chronological_712,rnn,full_safe,42
2347,2026-03-03,2026-03-24,2373.0,2383.0,2331.1833463888306,12.744172145845786,0.02,2024-07-03,224,0.004214075010535279,-0.0176218515007035,1,0,0,15,20,chronological_712,rnn,full_safe,42
2348,2026-03-04,2026-03-25,2379.0,2376.0,2358.2962934339103,12.744172145845786,0.02,2024-07-03,224,-0.0012610340479193294,-0.0087026929659898,0,0,0,15,20,chronological_712,rnn,full_safe,42
2349,2026-03-05,2026-03-26,2384.0,2376.0,2335.2048925514428,12.744172145845786,0.02,2024-07-03,224,-0.003355704697986628,-0.020467746412985433,0,0,0,15,20,chronological_712,rnn,full_safe,42
2350,2026-03-06,2026-03-27,2393.0,2369.0,2368.9126151336095,12.744172145845786,0.02,2024-07-03,224,-0.010029251984956078,-0.010065768853485424,0,0,0,15,20,chronological_712,rnn,full_safe,42
2351,2026-03-09,2026-03-30,2395.0,2346.0,2353.312431580094,12.744172145845786,0.02,2024-07-03,224,-0.020459290187891388,-0.017406082847559845,0,0,0,15,20,chronological_712,rnn,full_safe,42
2352,2026-03-10,2026-03-31,2381.0,2351.0,2301.6833652869523,12.744172145845786,0.02,2024-07-03,224,-0.012599748005039935,-0.03331232033307341,0,0,0,15,20,chronological_712,rnn,full_safe,42
2353,2026-03-11,2026-04-01,2395.0,2350.0,2291.4532041116545,12.744172145845786,0.02,2024-07-03,224,-0.018789144050104345,-0.04323457030828626,0,0,0,15,20,chronological_712,rnn,full_safe,42
2354,2026-03-12,2026-04-02,2396.0,2356.0,2283.135665612018,12.744172145845786,0.02,2024-07-03,224,-0.016694490818030094,-0.047105314853081004,0,0,0,15,20,chronological_712,rnn,full_safe,42
2355,2026-03-13,2026-04-03,2386.0,2344.0,2268.581098831988,12.744172145845786,0.02,2024-07-03,224,-0.017602682313495377,-0.04921160987762441,0,0,0,15,20,chronological_712,rnn,full_safe,42
2356,2026-03-16,2026-04-07,2379.0,2343.0,2271.623186182115,12.744172145845786,0.02,2024-07-03,224,-0.015132408575031508,-0.0451352727271479,0,0,0,15,20,chronological_712,rnn,full_safe,42
2357,2026-03-17,2026-04-08,2386.0,2345.0,2308.3418913624573,12.744172145845786,0.02,2024-07-03,224,-0.01718357082984079,-0.032547405128894646,0,0,0,15,20,chronological_712,rnn,full_safe,42
2358,2026-03-18,2026-04-09,2382.0,2354.0,2312.678802781844,12.744172145845786,0.02,2024-07-03,224,-0.011754827875734675,-0.029102097908545788,0,0,0,15,20,chronological_712,rnn,full_safe,42
2359,2026-03-19,2026-04-10,2384.0,2379.0,2313.406824414511,12.744172145845786,0.02,2024-07-03,224,-0.002097315436241587,-0.029611231369752078,0,0,0,15,20,chronological_712,rnn,full_safe,42
2360,2026-03-20,2026-04-13,2387.0,2373.0,2322.5572459092164,12.744172145845786,0.02,2024-07-03,224,-0.0058651026392961825,-0.02699738336438362,0,0,0,15,20,chronological_712,rnn,full_safe,42
2361,2026-03-23,2026-04-14,2415.0,2397.0,2349.660279202304,12.744172145845786,0.02,2024-07-03,224,-0.007453416149068359,-0.02705578500939787,0,0,0,15,20,chronological_712,rnn,full_safe,42
2362,2026-03-24,2026-04-15,2383.0,2390.0,2313.3854913837204,12.744172145845786,0.02,2024-07-03,224,0.002937473772555599,-0.029212970464238208,1,0,0,15,20,chronological_712,rnn,full_safe,42
2363,2026-03-25,2026-04-16,2376.0,2394.0,2320.7818889300106,12.744172145845786,0.02,2024-07-03,224,0.007575757575757569,-0.023239945736527545,1,0,0,15,20,chronological_712,rnn,full_safe,42
2364,2026-03-26,2026-04-17,2376.0,2402.0,2300.9510188154863,12.744172145845786,0.02,2024-07-03,224,0.010942760942761032,-0.03158627154230376,1,0,0,15,20,chronological_712,rnn,full_safe,42
2365,2026-03-27,2026-04-20,2369.0,2414.0,2299.93294892164,12.744172145845786,0.02,2024-07-03,224,0.018995356690586718,-0.02915451712889816,1,0,0,15,20,chronological_712,rnn,full_safe,42
2366,2026-03-30,2026-04-21,2346.0,2432.0,2274.052872097412,12.744172145845786,0.02,2024-07-03,224,0.036658141517476484,-0.030667999958477354,1,0,0,15,20,chronological_712,rnn,full_safe,42
2367,2026-03-31,2026-04-22,2351.0,2434.0,2290.7350607232715,12.744172145845786,0.02,2024-07-03,224,0.035304125903870665,-0.025633747033912524,1,0,0,15,20,chronological_712,rnn,full_safe,42
2368,2026-04-01,2026-04-23,2350.0,2426.0,2285.7614179877337,12.744172145845786,0.02,2024-07-03,224,0.03234042553191485,-0.027335566813730394,1,0,0,15,20,chronological_712,rnn,full_safe,42
2369,2026-04-02,2026-04-24,2356.0,2417.0,2302.9118893643804,12.744172145845786,0.02,2024-07-03,224,0.02589134125636683,-0.022533153920042293,1,0,0,15,20,chronological_712,rnn,full_safe,42
2370,2026-04-03,2026-04-27,2344.0,2427.0,2295.550246762394,12.744172145845786,0.02,2024-07-03,224,0.03540955631399312,-0.020669689947784065,1,0,0,15,20,chronological_712,rnn,full_safe,42
2371,2026-04-07,2026-04-28,2343.0,2429.0,2307.798041108127,12.744172145845786,0.02,2024-07-03,224,0.03670507895860009,-0.015024310239809213,1,0,0,15,20,chronological_712,rnn,full_safe,42
2372,2026-04-08,2026-04-29,2345.0,2431.0,2231.0599123559164,12.744172145845786,0.02,2024-07-03,224,0.036673773987206726,-0.04858852351560072,1,0,0,15,20,chronological_712,rnn,full_safe,42
2373,2026-04-09,2026-04-30,2354.0,2427.0,2360.275010156698,12.744172145845786,0.02,2024-07-03,224,0.031011045029736728,0.0026656797607043092,1,1,0,15,20,chronological_712,rnn,full_safe,42
2374,2026-04-10,2026-05-06,2379.0,2391.0,2329.1842340387357,12.744172145845786,0.02,2024-07-03,224,0.0050441361916770955,-0.02093979233344445,1,0,0,15,20,chronological_712,rnn,full_safe,42
2375,2026-04-13,2026-05-07,2373.0,2377.0,2365.122976911576,12.744172145845786,0.02,2024-07-03,224,0.001685630004214067,-0.0033194366154335464,1,0,0,15,20,chronological_712,rnn,full_safe,42
2376,2026-04-14,2026-05-08,2397.0,2365.0,2380.656661630097,12.744172145845786,0.02,2024-07-03,224,-0.013350020859407619,-0.006818247129705024,0,0,0,15,20,chronological_712,rnn,full_safe,42
2377,2026-04-15,2026-05-11,2390.0,2353.0,2432.283931233229,12.744172145845786,0.02,2024-07-03,224,-0.015481171548117123,0.017692021436497507,0,1,0,15,20,chronological_712,rnn,full_safe,42
2378,2026-04-16,2026-05-12,2394.0,2359.0,2342.4417042562127,12.744172145845786,0.02,2024-07-03,224,-0.014619883040935644,-0.02153646438754686,0,0,0,15,20,chronological_712,rnn,full_safe,42
2379,2026-04-17,2026-05-13,2402.0,2378.0,2417.757387136122,12.744172145845786,0.02,2024-07-03,224,-0.009991673605328932,0.006560111214038988,0,1,0,15,20,chronological_712,rnn,full_safe,42
2380,2026-04-20,2026-05-14,2414.0,2367.0,2456.751156367778,12.744172145845786,0.02,2024-07-03,224,-0.019469759734879855,0.01770967538018975,0,1,0,15,20,chronological_712,rnn,full_safe,42
2381,2026-04-21,2026-05-15,2432.0,2355.0,2451.4918115144847,12.744172145845786,0.02,2024-07-03,224,-0.03166118421052633,0.008014725129311229,0,1,0,15,20,chronological_712,rnn,full_safe,42
2382,2026-04-22,2026-05-18,2434.0,2353.0,2401.9629054060315,12.744172145845786,0.02,2024-07-03,224,-0.03327855382087097,-0.013162323169255807,0,0,0,15,20,chronological_712,rnn,full_safe,42
2383,2026-04-23,2026-05-19,2426.0,2365.0,2423.6050520968784,12.744172145845786,0.02,2024-07-03,224,-0.02514427040395717,-0.0009872002898275722,0,0,0,15,20,chronological_712,rnn,full_safe,42
2384,2026-04-24,2026-05-20,2417.0,2351.0,2422.78027906225,12.744172145845786,0.02,2024-07-03,224,-0.0273065784029789,0.0023915097485518455,0,1,0,15,20,chronological_712,rnn,full_safe,42
2385,2026-04-27,2026-05-21,2427.0,2324.0,2377.696540272442,12.744172145845786,0.02,2024-07-03,224,-0.04243922538112899,-0.020314569315021958,0,0,0,15,20,chronological_712,rnn,full_safe,42
2386,2026-04-28,2026-05-22,2429.0,2331.0,2350.7076145488427,12.744172145845786,0.02,2024-07-03,224,-0.04034582132564846,-0.032232353005828496,0,0,0,15,20,chronological_712,rnn,full_safe,42
2387,2026-04-29,2026-05-25,2431.0,2327.0,2365.7823408406202,12.744172145845786,0.02,2024-07-03,224,-0.04278074866310155,-0.02682750273935819,0,0,0,15,20,chronological_712,rnn,full_safe,42
2388,2026-04-30,2026-05-26,2427.0,2316.0,2350.72156197643,12.744172145845786,0.02,2024-07-03,224,-0.04573547589616811,-0.031429105077696695,0,0,0,15,20,chronological_712,rnn,full_safe,42
2389,2026-05-06,2026-05-27,2391.0,2311.0,2337.035755179337,12.744172145845786,0.02,2024-07-03,224,-0.03345880384776245,-0.022569738528089967,0,0,0,15,20,chronological_712,rnn,full_safe,42
2390,2026-05-07,2026-05-28,2377.0,2310.0,2449.249826443671,12.744172145845786,0.02,2024-07-03,224,-0.028186790071518697,0.03039538344285697,0,1,1,15,20,chronological_712,rnn,full_safe,42
2391,2026-05-08,2026-05-29,2365.0,2322.0,2366.44781209539,12.744172145845786,0.02,2024-07-03,224,-0.018181818181818188,0.0006121827041818406,0,1,0,15,20,chronological_712,rnn,full_safe,42
2392,2026-05-11,2026-06-01,2353.0,2330.0,2411.943724356266,12.744172145845786,0.02,2024-07-03,224,-0.009774755631109189,0.02505045658999827,0,1,1,15,20,chronological_712,rnn,full_safe,42
2393,2026-05-12,2026-06-02,2359.0,2333.0,2400.023957315876,12.744172145845786,0.02,2024-07-03,224,-0.011021619330224719,0.017390401575191117,0,1,0,15,20,chronological_712,rnn,full_safe,42
2394,2026-05-13,2026-06-03,2378.0,2307.0,2389.929229639316,12.744172145845786,0.02,2024-07-03,224,-0.029857022708158154,0.005016496904674428,0,1,0,15,20,chronological_712,rnn,full_safe,42
2395,2026-05-14,2026-06-04,2367.0,2300.0,2370.7203551422444,12.744172145845786,0.02,2024-07-03,224,-0.028305872412336286,0.0015717596714170945,0,1,0,15,20,chronological_712,rnn,full_safe,42
2396,2026-05-15,2026-06-05,2355.0,2323.0,2310.761727439636,12.744172145845786,0.02,2024-07-03,224,-0.013588110403397025,-0.01878482911268109,0,0,0,15,20,chronological_712,rnn,full_safe,42
2397,2026-05-18,2026-06-08,2353.0,2332.0,2289.3426685747736,12.744172145845786,0.02,2024-07-03,224,-0.008924776880578023,-0.027053689513483414,0,0,0,15,20,chronological_712,rnn,full_safe,42
2398,2026-05-19,2026-06-09,2365.0,2339.0,2404.6008440270325,12.744172145845786,0.02,2024-07-03,224,-0.010993657505285359,0.016744542928977868,0,1,0,15,20,chronological_712,rnn,full_safe,42
2399,2026-05-20,2026-06-10,2351.0,2335.0,2386.7675665327133,12.744172145845786,0.02,2024-07-03,224,-0.006805614632071411,0.015213767134288902,0,1,0,15,20,chronological_712,rnn,full_safe,42
2400,2026-05-21,2026-06-11,2324.0,2346.0,2357.816286038038,12.744172145845786,0.02,2024-07-03,224,0.009466437177280573,0.014550897606729007,1,1,0,15,20,chronological_712,rnn,full_safe,42
2401,2026-05-22,2026-06-12,2331.0,2351.0,2364.06547215755,12.744172145845786,0.02,2024-07-03,224,0.008580008580008514,0.014185101740690875,1,1,0,15,20,chronological_712,rnn,full_safe,42
2402,2026-05-25,2026-06-15,2327.0,2320.0,2332.038556630506,12.744172145845786,0.02,2024-07-03,224,-0.003008165019338205,0.00216525854340599,0,1,0,15,20,chronological_712,rnn,full_safe,42
2403,2026-05-26,2026-06-16,2316.0,2325.0,2351.410837598447,12.744172145845786,0.02,2024-07-03,224,0.0038860103626943143,0.015289653539916737,1,1,0,15,20,chronological_712,rnn,full_safe,42
2404,2026-05-27,2026-06-17,2311.0,2323.0,2314.119449905116,12.744172145845786,0.02,2024-07-03,224,0.005192557334487313,0.0013498268736980013,1,1,0,15,20,chronological_712,rnn,full_safe,42
2405,2026-05-28,2026-06-18,2310.0,2329.0,2391.1129713957835,12.744172145845786,0.02,2024-07-03,224,0.008225108225108135,0.03511384043107513,1,1,1,15,20,chronological_712,rnn,full_safe,42
2406,2026-05-29,2026-06-22,2322.0,2327.0,2434.343463498759,12.744172145845786,0.02,2024-07-03,224,0.0021533161068045814,0.048382197889215606,1,1,1,15,20,chronological_712,rnn,full_safe,42
2407,2026-06-01,2026-06-23,2330.0,2315.0,2360.344463232974,12.744172145845786,0.02,2024-07-03,224,-0.006437768240343367,0.013023374778100338,0,1,0,15,20,chronological_712,rnn,full_safe,42
2408,2026-06-02,2026-06-24,2333.0,2326.0,2288.761556531975,12.744172145845786,0.02,2024-07-03,224,-0.0030004286326618113,-0.01896204177797889,0,0,0,15,20,chronological_712,rnn,full_safe,42
2409,2026-06-03,2026-06-25,2307.0,2301.0,2393.9189608958222,12.744172145845786,0.02,2024-07-03,224,-0.002600780234070177,0.0376761859106296,0,1,1,15,20,chronological_712,rnn,full_safe,42
2410,2026-06-04,2026-06-26,2300.0,2323.0,2215.321220336176,12.744172145845786,0.02,2024-07-03,224,0.010000000000000009,-0.036816860723401734,1,0,0,15,20,chronological_712,rnn,full_safe,42
