sample_position,anchor_date,target_date,close_t,actual_dce_corn_close,predicted_dce_corn_close,mase_scale,selected_threshold,threshold_calibration_end_date,n_threshold_samples,actual_return,predicted_return,actual_trend,predicted_trend_threshold_0,predicted_trend_selected,horizon,lookback,split_strategy,model,feature_set,seed
1944,2024-07-01,2024-07-15,2483.0,2384.0,2605.7577826799115,12.71182412358883,0.05,2024-06-28,231,-0.03987112364075718,0.04943930031410049,0,1,0,10,10,chronological_712,lightgbm,full_safe,42
1945,2024-07-02,2024-07-16,2489.0,2381.0,2592.7902874737993,12.71182412358883,0.05,2024-06-28,231,-0.0433909200482121,0.04169959319959804,0,1,0,10,10,chronological_712,lightgbm,full_safe,42
1946,2024-07-03,2024-07-17,2483.0,2388.0,2584.417703303754,12.71182412358883,0.05,2024-06-28,231,-0.03826016915022146,0.04084482613924845,0,1,0,10,10,chronological_712,lightgbm,full_safe,42
1947,2024-07-04,2024-07-18,2472.0,2394.0,2584.7875700512395,12.71182412358883,0.05,2024-06-28,231,-0.03155339805825241,0.04562603966474099,0,1,0,10,10,chronological_712,lightgbm,full_safe,42
1948,2024-07-05,2024-07-19,2469.0,2395.0,2580.459890886647,12.71182412358883,0.05,2024-06-28,231,-0.029971648440664245,0.045143738714721326,0,1,0,10,10,chronological_712,lightgbm,full_safe,42
1949,2024-07-08,2024-07-22,2459.0,2406.0,2568.812208324295,12.71182412358883,0.05,2024-06-28,231,-0.021553477023180112,0.04465726243362966,0,1,0,10,10,chronological_712,lightgbm,full_safe,42
1950,2024-07-09,2024-07-23,2436.0,2393.0,2572.1237381656197,12.71182412358883,0.05,2024-06-28,231,-0.01765188834154352,0.05588002387751212,0,1,1,10,10,chronological_712,lightgbm,full_safe,42
1951,2024-07-10,2024-07-24,2420.0,2371.0,2572.4001983390076,12.71182412358883,0.05,2024-06-28,231,-0.020247933884297575,0.0629752885698378,0,1,1,10,10,chronological_712,lightgbm,full_safe,42
1952,2024-07-11,2024-07-25,2413.0,2350.0,2571.9109533825554,12.71182412358883,0.05,2024-06-28,231,-0.02610857853294657,0.06585617628783891,0,1,1,10,10,chronological_712,lightgbm,full_safe,42
1953,2024-07-12,2024-07-26,2404.0,2357.0,2573.798407694154,12.71182412358883,0.05,2024-06-28,231,-0.01955074875207985,0.07063161717726874,0,1,1,10,10,chronological_712,lightgbm,full_safe,42
1954,2024-07-15,2024-07-29,2384.0,2347.0,2569.61542213181,12.71182412358883,0.05,2024-06-28,231,-0.015520134228187876,0.07785881800830974,0,1,1,10,10,chronological_712,lightgbm,full_safe,42
1955,2024-07-16,2024-07-30,2381.0,2339.0,2567.834249046812,12.71182412358883,0.05,2024-06-28,231,-0.01763964720705591,0.07846881522335658,0,1,1,10,10,chronological_712,lightgbm,full_safe,42
1956,2024-07-17,2024-07-31,2388.0,2351.0,2577.918259921558,12.71182412358883,0.05,2024-06-28,231,-0.015494137353433857,0.07953025959864224,0,1,1,10,10,chronological_712,lightgbm,full_safe,42
1957,2024-07-18,2024-08-01,2394.0,2337.0,2579.007083239932,12.71182412358883,0.05,2024-06-28,231,-0.023809523809523836,0.07727948339178448,0,1,1,10,10,chronological_712,lightgbm,full_safe,42
1958,2024-07-19,2024-08-02,2395.0,2321.0,2575.9733018684706,12.71182412358883,0.05,2024-06-28,231,-0.030897703549060518,0.07556296528954931,0,1,1,10,10,chronological_712,lightgbm,full_safe,42
1959,2024-07-22,2024-08-05,2406.0,2281.0,2571.4666197662623,12.71182412358883,0.05,2024-06-28,231,-0.051953449709060684,0.06877249366843818,0,1,1,10,10,chronological_712,lightgbm,full_safe,42
1960,2024-07-23,2024-08-06,2393.0,2265.0,2562.5844012220514,12.71182412358883,0.05,2024-06-28,231,-0.05348934391976601,0.07086686219057725,0,1,1,10,10,chronological_712,lightgbm,full_safe,42
1961,2024-07-24,2024-08-07,2371.0,2274.0,2559.2778658317093,12.71182412358883,0.05,2024-06-28,231,-0.04091100801349645,0.07940863172994916,0,1,1,10,10,chronological_712,lightgbm,full_safe,42
1962,2024-07-25,2024-08-08,2350.0,2300.0,2562.29307829876,12.71182412358883,0.05,2024-06-28,231,-0.021276595744680882,0.09033748012713194,0,1,1,10,10,chronological_712,lightgbm,full_safe,42
1963,2024-07-26,2024-08-09,2357.0,2319.0,2566.85641167116,12.71182412358883,0.05,2024-06-28,231,-0.016122189223589323,0.0890353889143658,0,1,1,10,10,chronological_712,lightgbm,full_safe,42
1964,2024-07-29,2024-08-12,2347.0,2303.0,2563.251645135063,12.71182412358883,0.05,2024-06-28,231,-0.01874733702599063,0.09213960167663537,0,1,1,10,10,chronological_712,lightgbm,full_safe,42
1965,2024-07-30,2024-08-13,2339.0,2294.0,2559.698275198434,12.71182412358883,0.05,2024-06-28,231,-0.019238991021804153,0.0943558252237855,0,1,1,10,10,chronological_712,lightgbm,full_safe,42
1966,2024-07-31,2024-08-14,2351.0,2286.0,2561.875863607733,12.71182412358883,0.05,2024-06-28,231,-0.027647809442790328,0.08969624143246846,0,1,1,10,10,chronological_712,lightgbm,full_safe,42
1967,2024-08-01,2024-08-15,2337.0,2300.0,2559.48125997263,12.71182412358883,0.05,2024-06-28,231,-0.015832263585793704,0.09519951218341038,0,1,1,10,10,chronological_712,lightgbm,full_safe,42
1968,2024-08-02,2024-08-16,2321.0,2254.0,2563.2279336638426,12.71182412358883,0.05,2024-06-28,231,-0.028866867729426926,0.1043636077827843,0,1,1,10,10,chronological_712,lightgbm,full_safe,42
1969,2024-08-05,2024-08-19,2281.0,2287.0,2572.4510668965904,12.71182412358883,0.05,2024-06-28,231,0.002630425252082347,0.12777337435185898,1,1,1,10,10,chronological_712,lightgbm,full_safe,42
1970,2024-08-06,2024-08-20,2265.0,2285.0,2569.4614653766257,12.71182412358883,0.05,2024-06-28,231,0.008830022075055233,0.13442007301396286,1,1,1,10,10,chronological_712,lightgbm,full_safe,42
1971,2024-08-07,2024-08-21,2274.0,2303.0,2574.609885016869,12.71182412358883,0.05,2024-06-28,231,0.012752858399296407,0.13219432058789327,1,1,1,10,10,chronological_712,lightgbm,full_safe,42
1972,2024-08-08,2024-08-22,2300.0,2324.0,2579.6097993782,12.71182412358883,0.05,2024-06-28,231,0.01043478260869568,0.12156947799052165,1,1,1,10,10,chronological_712,lightgbm,full_safe,42
1973,2024-08-09,2024-08-23,2319.0,2312.0,2573.768881596014,12.71182412358883,0.05,2024-06-28,231,-0.003018542475204833,0.10986152720828546,0,1,1,10,10,chronological_712,lightgbm,full_safe,42
1974,2024-08-12,2024-08-26,2303.0,2333.0,2567.3782760988042,12.71182412358883,0.05,2024-06-28,231,0.013026487190620939,0.11479734090265059,1,1,1,10,10,chronological_712,lightgbm,full_safe,42
1975,2024-08-13,2024-08-27,2294.0,2345.0,2574.604985780691,12.71182412358883,0.05,2024-06-28,231,0.022231909328683575,0.1223212666873108,1,1,1,10,10,chronological_712,lightgbm,full_safe,42
1976,2024-08-14,2024-08-28,2286.0,2343.0,2577.1120750341947,12.71182412358883,0.05,2024-06-28,231,0.02493438320209984,0.127345614625632,1,1,1,10,10,chronological_712,lightgbm,full_safe,42
1977,2024-08-15,2024-08-29,2300.0,2344.0,2583.213489490743,12.71182412358883,0.05,2024-06-28,231,0.019130434782608674,0.12313629977858387,1,1,1,10,10,chronological_712,lightgbm,full_safe,42
1978,2024-08-16,2024-08-30,2254.0,2338.0,2579.6174679769,12.71182412358883,0.05,2024-06-28,231,0.037267080745341685,0.14446205322843841,1,1,1,10,10,chronological_712,lightgbm,full_safe,42
1979,2024-08-19,2024-09-02,2287.0,2287.0,2572.385245748721,12.71182412358883,0.05,2024-06-28,231,0.0,0.12478585297276834,0,1,1,10,10,chronological_712,lightgbm,full_safe,42
1980,2024-08-20,2024-09-03,2285.0,2272.0,2577.4552564956443,12.71182412358883,0.05,2024-06-28,231,-0.005689277899343592,0.127989171332886,0,1,1,10,10,chronological_712,lightgbm,full_safe,42
1981,2024-08-21,2024-09-04,2303.0,2289.0,2571.832603666252,12.71182412358883,0.05,2024-06-28,231,-0.006079027355623046,0.1167314822693235,0,1,1,10,10,chronological_712,lightgbm,full_safe,42
1982,2024-08-22,2024-09-05,2324.0,2282.0,2568.039610599245,12.71182412358883,0.05,2024-06-28,231,-0.01807228915662651,0.10500843829571638,0,1,1,10,10,chronological_712,lightgbm,full_safe,42
1983,2024-08-23,2024-09-06,2312.0,2268.0,2572.032157087812,12.71182412358883,0.05,2024-06-28,231,-0.01903114186851207,0.11247065617984942,0,1,1,10,10,chronological_712,lightgbm,full_safe,42
1984,2024-08-26,2024-09-09,2333.0,2224.0,2575.524730325617,12.71182412358883,0.05,2024-06-28,231,-0.046720960137162426,0.10395402071393778,0,1,1,10,10,chronological_712,lightgbm,full_safe,42
1985,2024-08-27,2024-09-10,2345.0,2208.0,2578.839981923932,12.71182412358883,0.05,2024-06-28,231,-0.05842217484008527,0.09971854239826539,0,1,1,10,10,chronological_712,lightgbm,full_safe,42
1986,2024-08-28,2024-09-11,2343.0,2209.0,2583.022514018735,12.71182412358883,0.05,2024-06-28,231,-0.05719163465642341,0.1024423875453413,0,1,1,10,10,chronological_712,lightgbm,full_safe,42
1987,2024-08-29,2024-09-12,2344.0,2197.0,2569.0443408635274,12.71182412358883,0.05,2024-06-28,231,-0.0627133105802048,0.09600867784280176,0,1,1,10,10,chronological_712,lightgbm,full_safe,42
1988,2024-08-30,2024-09-13,2338.0,2200.0,2572.329374383757,12.71182412358883,0.05,2024-06-28,231,-0.05902480752780159,0.10022642189211162,0,1,1,10,10,chronological_712,lightgbm,full_safe,42
1989,2024-09-02,2024-09-18,2287.0,2199.0,2572.097610795168,12.71182412358883,0.05,2024-06-28,231,-0.03847835592479232,0.1246600834259588,0,1,1,10,10,chronological_712,lightgbm,full_safe,42
1990,2024-09-03,2024-09-19,2272.0,2174.0,2571.105729719888,12.71182412358883,0.05,2024-06-28,231,-0.04313380281690138,0.1316486486443169,0,1,1,10,10,chronological_712,lightgbm,full_safe,42
1991,2024-09-04,2024-09-20,2289.0,2164.0,2569.9484324051655,12.71182412358883,0.05,2024-06-28,231,-0.054608999563128036,0.12273850257980135,0,1,1,10,10,chronological_712,lightgbm,full_safe,42
1992,2024-09-05,2024-09-23,2282.0,2138.0,2568.156613242022,12.71182412358883,0.05,2024-06-28,231,-0.06310254163014895,0.12539728888782742,0,1,1,10,10,chronological_712,lightgbm,full_safe,42
1993,2024-09-06,2024-09-24,2268.0,2150.0,2562.014487895853,12.71182412358883,0.05,2024-06-28,231,-0.052028218694885386,0.12963601759076426,0,1,1,10,10,chronological_712,lightgbm,full_safe,42
1994,2024-09-09,2024-09-25,2224.0,2142.0,2567.419009594419,12.71182412358883,0.05,2024-06-28,231,-0.036870503597122295,0.15441502229964876,0,1,1,10,10,chronological_712,lightgbm,full_safe,42
1995,2024-09-10,2024-09-26,2208.0,2150.0,2564.7203748380857,12.71182412358883,0.05,2024-06-28,231,-0.026268115942028936,0.1615581407781186,0,1,1,10,10,chronological_712,lightgbm,full_safe,42
1996,2024-09-11,2024-09-27,2209.0,2179.0,2561.612847623529,12.71182412358883,0.05,2024-06-28,231,-0.01358080579447718,0.15962555347375695,0,1,1,10,10,chronological_712,lightgbm,full_safe,42
1997,2024-09-12,2024-09-30,2197.0,2225.0,2558.687944695231,12.71182412358883,0.05,2024-06-28,231,0.012744651797906181,0.1646281040943247,1,1,1,10,10,chronological_712,lightgbm,full_safe,42
1998,2024-09-13,2024-10-08,2200.0,2184.0,2551.6042779900918,12.71182412358883,0.05,2024-06-28,231,-0.0072727272727273196,0.15982012635913256,0,1,1,10,10,chronological_712,lightgbm,full_safe,42
1999,2024-09-18,2024-10-09,2199.0,2184.0,2540.938957913691,12.71182412358883,0.05,2024-06-28,231,-0.006821282401091366,0.15549747972427963,0,1,1,10,10,chronological_712,lightgbm,full_safe,42
2000,2024-09-19,2024-10-10,2174.0,2210.0,2511.619354849749,12.71182412358883,0.05,2024-06-28,231,0.016559337626494974,0.15529869128323326,1,1,1,10,10,chronological_712,lightgbm,full_safe,42
2001,2024-09-20,2024-10-11,2164.0,2213.0,2516.4530411599926,12.71182412358883,0.05,2024-06-28,231,0.02264325323475047,0.16287109110905384,1,1,1,10,10,chronological_712,lightgbm,full_safe,42
2002,2024-09-23,2024-10-14,2138.0,2227.0,2508.362914613702,12.71182412358883,0.05,2024-06-28,231,0.04162768942937323,0.1732286784909738,1,1,1,10,10,chronological_712,lightgbm,full_safe,42
2003,2024-09-24,2024-10-15,2150.0,2222.0,2471.221293403193,12.71182412358883,0.05,2024-06-28,231,0.033488372093023244,0.1494052527456713,1,1,1,10,10,chronological_712,lightgbm,full_safe,42
2004,2024-09-25,2024-10-16,2142.0,2210.0,2463.619671309317,12.71182412358883,0.05,2024-06-28,231,0.031746031746031855,0.150149239640204,1,1,1,10,10,chronological_712,lightgbm,full_safe,42
2005,2024-09-26,2024-10-17,2150.0,2193.0,2443.448567439543,12.71182412358883,0.05,2024-06-28,231,0.020000000000000018,0.1364877057858338,1,1,1,10,10,chronological_712,lightgbm,full_safe,42
2006,2024-09-27,2024-10-18,2179.0,2198.0,2427.3429740641395,12.71182412358883,0.05,2024-06-28,231,0.008719596145020603,0.11397107575224386,1,1,1,10,10,chronological_712,lightgbm,full_safe,42
2007,2024-09-30,2024-10-21,2225.0,2170.0,2422.342969906595,12.71182412358883,0.05,2024-06-28,231,-0.024719101123595544,0.0886934696209416,0,1,1,10,10,chronological_712,lightgbm,full_safe,42
2008,2024-10-08,2024-10-22,2184.0,2179.0,2413.186211597513,12.71182412358883,0.05,2024-06-28,231,-0.0022893772893772812,0.10493874157395289,0,1,1,10,10,chronological_712,lightgbm,full_safe,42
2009,2024-10-09,2024-10-23,2184.0,2228.0,2418.1946186092114,12.71182412358883,0.05,2024-06-28,231,0.020146520146520075,0.10723196822766079,1,1,1,10,10,chronological_712,lightgbm,full_safe,42
2010,2024-10-10,2024-10-24,2210.0,2230.0,2395.474534243327,12.71182412358883,0.05,2024-06-28,231,0.009049773755656076,0.08392512861689005,1,1,1,10,10,chronological_712,lightgbm,full_safe,42
2011,2024-10-11,2024-10-25,2213.0,2225.0,2245.8537221414063,12.71182412358883,0.05,2024-06-28,231,0.005422503389064692,0.014845784971263543,1,1,0,10,10,chronological_712,lightgbm,full_safe,42
2012,2024-10-14,2024-10-28,2227.0,2227.0,2176.532517743834,12.71182412358883,0.05,2024-06-28,231,0.0,-0.022661644479643472,0,0,0,10,10,chronological_712,lightgbm,full_safe,42
2013,2024-10-15,2024-10-29,2222.0,2226.0,2197.4740203214137,12.71182412358883,0.05,2024-06-28,231,0.0018001800180018623,-0.011037794634827347,1,0,0,10,10,chronological_712,lightgbm,full_safe,42
2014,2024-10-16,2024-10-30,2210.0,2247.0,2200.6406307766324,12.71182412358883,0.05,2024-06-28,231,0.01674208144796374,-0.004235008698356357,1,0,0,10,10,chronological_712,lightgbm,full_safe,42
2015,2024-10-17,2024-10-31,2193.0,2248.0,2168.875295712214,12.71182412358883,0.05,2024-06-28,231,0.025079799361605204,-0.011000777149013152,1,0,0,10,10,chronological_712,lightgbm,full_safe,42
2016,2024-10-18,2024-11-01,2198.0,2240.0,2197.047431274771,12.71182412358883,0.05,2024-06-28,231,0.019108280254777066,-0.00043337976580026805,1,0,0,10,10,chronological_712,lightgbm,full_safe,42
2017,2024-10-21,2024-11-04,2170.0,2217.0,2196.1079371392107,12.71182412358883,0.05,2024-06-28,231,0.021658986175115302,0.01203130743742431,1,1,0,10,10,chronological_712,lightgbm,full_safe,42
2018,2024-10-22,2024-11-05,2179.0,2225.0,2241.495967423738,12.71182412358883,0.05,2024-06-28,231,0.021110601193207845,0.02868103140144007,1,1,0,10,10,chronological_712,lightgbm,full_safe,42
2019,2024-10-23,2024-11-06,2228.0,2222.0,2214.0529289666865,12.71182412358883,0.05,2024-06-28,231,-0.0026929982046678402,-0.006259906208848087,0,0,0,10,10,chronological_712,lightgbm,full_safe,42
2020,2024-10-24,2024-11-07,2230.0,2225.0,2204.0298747370616,12.71182412358883,0.05,2024-06-28,231,-0.0022421524663677195,-0.011645796082035198,0,0,0,10,10,chronological_712,lightgbm,full_safe,42
2021,2024-10-25,2024-11-08,2225.0,2199.0,2194.7526306928075,12.71182412358883,0.05,2024-06-28,231,-0.01168539325842699,-0.01359432328413146,0,0,0,10,10,chronological_712,lightgbm,full_safe,42
2022,2024-10-28,2024-11-11,2227.0,2187.0,2221.0126944541926,12.71182412358883,0.05,2024-06-28,231,-0.017961383026493083,-0.00268850720512237,0,0,0,10,10,chronological_712,lightgbm,full_safe,42
2023,2024-10-29,2024-11-12,2226.0,2189.0,2215.0549518305484,12.71182412358883,0.05,2024-06-28,231,-0.01662174303683739,-0.00491691292428198,0,0,0,10,10,chronological_712,lightgbm,full_safe,42
2024,2024-10-30,2024-11-13,2247.0,2197.0,2190.995631046431,12.71182412358883,0.05,2024-06-28,231,-0.022251891410769886,-0.024924062729670293,0,0,0,10,10,chronological_712,lightgbm,full_safe,42
2025,2024-10-31,2024-11-14,2248.0,2195.0,2225.626111676875,12.71182412358883,0.05,2024-06-28,231,-0.023576512455516063,-0.009952797296763793,0,0,0,10,10,chronological_712,lightgbm,full_safe,42
2026,2024-11-01,2024-11-15,2240.0,2182.0,2231.56038512181,12.71182412358883,0.05,2024-06-28,231,-0.025892857142857162,-0.0037676852134775896,0,0,0,10,10,chronological_712,lightgbm,full_safe,42
2027,2024-11-04,2024-11-18,2217.0,2209.0,2220.110195828375,12.71182412358883,0.05,2024-06-28,231,-0.0036084799278304214,0.0014028849022891254,0,1,0,10,10,chronological_712,lightgbm,full_safe,42
2028,2024-11-05,2024-11-19,2225.0,2205.0,2226.2196870124567,12.71182412358883,0.05,2024-06-28,231,-0.008988764044943864,0.0005481739381827389,0,1,0,10,10,chronological_712,lightgbm,full_safe,42
2029,2024-11-06,2024-11-20,2222.0,2195.0,2226.8941741915014,12.71182412358883,0.05,2024-06-28,231,-0.012151215121512182,0.0022025986460403324,0,1,0,10,10,chronological_712,lightgbm,full_safe,42
2030,2024-11-07,2024-11-21,2225.0,2206.0,2256.521467658553,12.71182412358883,0.05,2024-06-28,231,-0.008539325842696677,0.014166951756652946,0,1,0,10,10,chronological_712,lightgbm,full_safe,42
2031,2024-11-08,2024-11-22,2199.0,2190.0,2237.8195551678855,12.71182412358883,0.05,2024-06-28,231,-0.004092769440654842,0.017653276565659626,0,1,0,10,10,chronological_712,lightgbm,full_safe,42
2032,2024-11-11,2024-11-25,2187.0,2195.0,2230.824444209532,12.71182412358883,0.05,2024-06-28,231,0.0036579789666209006,0.020038611892790215,1,1,0,10,10,chronological_712,lightgbm,full_safe,42
2033,2024-11-12,2024-11-26,2189.0,2193.0,2206.083037298187,12.71182412358883,0.05,2024-06-28,231,0.001827318410233092,0.007804037139418352,1,1,0,10,10,chronological_712,lightgbm,full_safe,42
2034,2024-11-13,2024-11-27,2197.0,2187.0,2208.290493812566,12.71182412358883,0.05,2024-06-28,231,-0.004551661356395065,0.005139050438127457,0,1,0,10,10,chronological_712,lightgbm,full_safe,42
2035,2024-11-14,2024-11-28,2195.0,2183.0,2226.2140695950166,12.71182412358883,0.05,2024-06-28,231,-0.0054669703872437525,0.014220532845110156,0,1,0,10,10,chronological_712,lightgbm,full_safe,42
2036,2024-11-15,2024-11-29,2182.0,2163.0,2224.8887403877293,12.71182412358883,0.05,2024-06-28,231,-0.00870760769935841,0.019655701369261758,0,1,0,10,10,chronological_712,lightgbm,full_safe,42
2037,2024-11-18,2024-12-02,2209.0,2138.0,2217.8315865165123,12.71182412358883,0.05,2024-06-28,231,-0.03214124038026256,0.003998002044595772,0,1,0,10,10,chronological_712,lightgbm,full_safe,42
2038,2024-11-19,2024-12-03,2205.0,2127.0,2210.815395341122,12.71182412358883,0.05,2024-06-28,231,-0.03537414965986396,0.0026373675016426734,0,1,0,10,10,chronological_712,lightgbm,full_safe,42
2039,2024-11-20,2024-12-04,2195.0,2084.0,2206.9771197392947,12.71182412358883,0.05,2024-06-28,231,-0.05056947608200457,0.00545654657826633,0,1,0,10,10,chronological_712,lightgbm,full_safe,42
2040,2024-11-21,2024-12-05,2206.0,2099.0,2200.9407344719248,12.71182412358883,0.05,2024-06-28,231,-0.04850407978241156,-0.0022934113907866482,0,0,0,10,10,chronological_712,lightgbm,full_safe,42
2041,2024-11-22,2024-12-06,2190.0,2089.0,2187.425238556993,12.71182412358883,0.05,2024-06-28,231,-0.04611872146118723,-0.0011756901566242206,0,0,0,10,10,chronological_712,lightgbm,full_safe,42
2042,2024-11-25,2024-12-09,2195.0,2087.0,2149.7894732442373,12.71182412358883,0.05,2024-06-28,231,-0.04920273348519366,-0.02059705091378705,0,0,0,10,10,chronological_712,lightgbm,full_safe,42
2043,2024-11-26,2024-12-10,2193.0,2113.0,2153.7912576824765,12.71182412358883,0.05,2024-06-28,231,-0.0364797081623347,-0.017879043464443023,0,0,0,10,10,chronological_712,lightgbm,full_safe,42
2044,2024-11-27,2024-12-11,2187.0,2122.0,2181.972579245118,12.71182412358883,0.05,2024-06-28,231,-0.029721079103795178,-0.0022987749222139753,0,0,0,10,10,chronological_712,lightgbm,full_safe,42
2045,2024-11-28,2024-12-12,2183.0,2115.0,2179.103037797614,12.71182412358883,0.05,2024-06-28,231,-0.03114979386165828,-0.0017851407248675732,0,0,0,10,10,chronological_712,lightgbm,full_safe,42
2046,2024-11-29,2024-12-13,2163.0,2115.0,2177.769892325009,12.71182412358883,0.05,2024-06-28,231,-0.02219140083217752,0.006828429184007945,0,1,0,10,10,chronological_712,lightgbm,full_safe,42
2047,2024-12-02,2024-12-16,2138.0,2102.0,2181.1399406671853,12.71182412358883,0.05,2024-06-28,231,-0.016838166510757757,0.020177708450507703,0,1,0,10,10,chronological_712,lightgbm,full_safe,42
2048,2024-12-03,2024-12-17,2127.0,2186.0,2175.6311231374834,12.71182412358883,0.05,2024-06-28,231,0.027738598965679317,0.0228637156264615,1,1,0,10,10,chronological_712,lightgbm,full_safe,42
2049,2024-12-04,2024-12-18,2084.0,2174.0,2179.614918306526,12.71182412358883,0.05,2024-06-28,231,0.04318618042226485,0.045880479033841626,1,1,0,10,10,chronological_712,lightgbm,full_safe,42
2050,2024-12-05,2024-12-19,2099.0,2177.0,2150.9728430539503,12.71182412358883,0.05,2024-06-28,231,0.03716055264411633,0.024760763722701418,1,1,0,10,10,chronological_712,lightgbm,full_safe,42
2051,2024-12-06,2024-12-20,2089.0,2184.0,2120.374450466784,12.71182412358883,0.05,2024-06-28,231,0.04547630445189088,0.015018884857244563,1,1,0,10,10,chronological_712,lightgbm,full_safe,42
2052,2024-12-09,2024-12-23,2087.0,2182.0,2119.141861103106,12.71182412358883,0.05,2024-06-28,231,0.04551988500239568,0.015400987591330129,1,1,0,10,10,chronological_712,lightgbm,full_safe,42
2053,2024-12-10,2024-12-24,2113.0,2189.0,2111.453884692024,12.71182412358883,0.05,2024-06-28,231,0.03596781826786555,-0.0007317157160321441,1,0,0,10,10,chronological_712,lightgbm,full_safe,42
2054,2024-12-11,2024-12-25,2122.0,2205.0,2110.539258298274,12.71182412358883,0.05,2024-06-28,231,0.0391140433553252,-0.005400915033801135,1,0,0,10,10,chronological_712,lightgbm,full_safe,42
2055,2024-12-12,2024-12-26,2115.0,2204.0,2109.798343682412,12.71182412358883,0.05,2024-06-28,231,0.042080378250590966,-0.0024594119704908213,1,0,0,10,10,chronological_712,lightgbm,full_safe,42
2056,2024-12-13,2024-12-27,2115.0,2234.0,2090.293229208508,12.71182412358883,0.05,2024-06-28,231,0.056264775413711554,-0.01168168831749039,1,0,0,10,10,chronological_712,lightgbm,full_safe,42
2057,2024-12-16,2024-12-30,2102.0,2235.0,2081.1136056630335,12.71182412358883,0.05,2024-06-28,231,0.06327307326355847,-0.00993643879018391,1,0,0,10,10,chronological_712,lightgbm,full_safe,42
2058,2024-12-17,2024-12-31,2186.0,2229.0,2073.4863050207427,12.71182412358883,0.05,2024-06-28,231,0.01967063129002744,-0.05147012579106003,1,0,0,10,10,chronological_712,lightgbm,full_safe,42
2059,2024-12-18,2025-01-02,2174.0,2228.0,2070.9305633621416,12.71182412358883,0.05,2024-06-28,231,0.02483900643974235,-0.04741004445163677,1,0,0,10,10,chronological_712,lightgbm,full_safe,42
2060,2024-12-19,2025-01-03,2177.0,2228.0,2097.469356962955,12.71182412358883,0.05,2024-06-28,231,0.023426734037666597,-0.03653222004457746,1,0,0,10,10,chronological_712,lightgbm,full_safe,42
2061,2024-12-20,2025-01-06,2184.0,2228.0,2102.8985779061045,12.71182412358883,0.05,2024-06-28,231,0.020146520146520075,-0.03713435077559313,1,0,0,10,10,chronological_712,lightgbm,full_safe,42
2062,2024-12-23,2025-01-07,2182.0,2225.0,2106.7370313146484,12.71182412358883,0.05,2024-06-28,231,0.019706691109074193,-0.0344926529263756,1,0,0,10,10,chronological_712,lightgbm,full_safe,42
2063,2024-12-24,2025-01-08,2189.0,2230.0,2108.9658800914344,12.71182412358883,0.05,2024-06-28,231,0.018730013704888027,-0.03656195518892902,1,0,0,10,10,chronological_712,lightgbm,full_safe,42
2064,2024-12-25,2025-01-09,2205.0,2231.0,2105.309117754533,12.71182412358883,0.05,2024-06-28,231,0.011791383219954543,-0.045211284465064394,1,0,0,10,10,chronological_712,lightgbm,full_safe,42
2065,2024-12-26,2025-01-10,2204.0,2250.0,2099.247721563826,12.71182412358883,0.05,2024-06-28,231,0.020871143375680523,-0.047528257003708774,1,0,0,10,10,chronological_712,lightgbm,full_safe,42
2066,2024-12-27,2025-01-13,2234.0,2267.0,2096.787243239714,12.71182412358883,0.05,2024-06-28,231,0.014771709937332123,-0.061420213411050195,1,0,0,10,10,chronological_712,lightgbm,full_safe,42
2067,2024-12-30,2025-01-14,2235.0,2277.0,2098.2098847212374,12.71182412358883,0.05,2024-06-28,231,0.01879194630872494,-0.06120363099720927,1,0,0,10,10,chronological_712,lightgbm,full_safe,42
2068,2024-12-31,2025-01-15,2229.0,2274.0,2099.4205973383982,12.71182412358883,0.05,2024-06-28,231,0.020188425302826385,-0.0581334242537469,1,0,0,10,10,chronological_712,lightgbm,full_safe,42
2069,2025-01-02,2025-01-16,2228.0,2288.0,2099.0204806950637,12.71182412358883,0.05,2024-06-28,231,0.026929982046678624,-0.05789026898785288,1,0,0,10,10,chronological_712,lightgbm,full_safe,42
2070,2025-01-03,2025-01-17,2228.0,2291.0,2104.971350227974,12.71182412358883,0.05,2024-06-28,231,0.0282764811490126,-0.05521932215979619,1,0,0,10,10,chronological_712,lightgbm,full_safe,42
2071,2025-01-06,2025-01-20,2228.0,2286.0,2114.2355607468658,12.71182412358883,0.05,2024-06-28,231,0.026032315978456122,-0.05106123844395616,1,0,0,10,10,chronological_712,lightgbm,full_safe,42
2072,2025-01-07,2025-01-21,2225.0,2277.0,2140.750799790348,12.71182412358883,0.05,2024-06-28,231,0.02337078651685398,-0.037864809082989614,1,0,0,10,10,chronological_712,lightgbm,full_safe,42
2073,2025-01-08,2025-01-22,2230.0,2272.0,2138.273343806016,12.71182412358883,0.05,2024-06-28,231,0.01883408071748871,-0.041133029683400935,1,0,0,10,10,chronological_712,lightgbm,full_safe,42
2074,2025-01-09,2025-01-23,2231.0,2280.0,2140.901274539273,12.71182412358883,0.05,2024-06-28,231,0.02196324518153303,-0.040384906078317795,1,0,0,10,10,chronological_712,lightgbm,full_safe,42
2075,2025-01-10,2025-01-24,2250.0,2267.0,2137.5684710241994,12.71182412358883,0.05,2024-06-28,231,0.007555555555555538,-0.04996956843368916,1,0,0,10,10,chronological_712,lightgbm,full_safe,42
2076,2025-01-13,2025-01-27,2267.0,2283.0,2141.215989255252,12.71182412358883,0.05,2024-06-28,231,0.0070577856197617805,-0.05548478638939025,1,0,0,10,10,chronological_712,lightgbm,full_safe,42
2077,2025-01-14,2025-02-05,2277.0,2287.0,2142.686212307787,12.71182412358883,0.05,2024-06-28,231,0.004391743522178304,-0.05898717070365078,1,0,0,10,10,chronological_712,lightgbm,full_safe,42
2078,2025-01-15,2025-02-06,2274.0,2300.0,2121.552578204349,12.71182412358883,0.05,2024-06-28,231,0.011433597185576128,-0.06703932356888775,1,0,0,10,10,chronological_712,lightgbm,full_safe,42
2079,2025-01-16,2025-02-07,2288.0,2286.0,2148.700201212797,12.71182412358883,0.05,2024-06-28,231,-0.0008741258741258306,-0.06088277919021112,0,0,0,10,10,chronological_712,lightgbm,full_safe,42
2080,2025-01-17,2025-02-10,2291.0,2294.0,2156.827278797762,12.71182412358883,0.05,2024-06-28,231,0.0013094718463553257,-0.0585651336544033,1,0,0,10,10,chronological_712,lightgbm,full_safe,42
2081,2025-01-20,2025-02-11,2286.0,2296.0,2166.8142605435005,12.71182412358883,0.05,2024-06-28,231,0.004374453193350725,-0.05213724385673646,1,0,0,10,10,chronological_712,lightgbm,full_safe,42
2082,2025-01-21,2025-02-12,2277.0,2303.0,2160.828024720143,12.71182412358883,0.05,2024-06-28,231,0.011418533157663502,-0.05101975198939712,1,0,0,10,10,chronological_712,lightgbm,full_safe,42
2083,2025-01-22,2025-02-13,2272.0,2302.0,2156.9503319066166,12.71182412358883,0.05,2024-06-28,231,0.013204225352112742,-0.050638058139693354,1,0,0,10,10,chronological_712,lightgbm,full_safe,42
2084,2025-01-23,2025-02-14,2280.0,2303.0,2154.3102697447966,12.71182412358883,0.05,2024-06-28,231,0.01008771929824559,-0.055127074673334775,1,0,0,10,10,chronological_712,lightgbm,full_safe,42
2085,2025-01-24,2025-02-17,2267.0,2288.0,2167.495453336924,12.71182412358883,0.05,2024-06-28,231,0.009263343625937281,-0.043892609908723346,1,0,0,10,10,chronological_712,lightgbm,full_safe,42
2086,2025-01-27,2025-02-18,2283.0,2291.0,2164.8878504928284,12.71182412358883,0.05,2024-06-28,231,0.003504161191414834,-0.051735501317201726,1,0,0,10,10,chronological_712,lightgbm,full_safe,42
2087,2025-02-05,2025-02-19,2287.0,2290.0,2167.0763843781933,12.71182412358883,0.05,2024-06-28,231,0.0013117621337996876,-0.05243708597368024,1,0,0,10,10,chronological_712,lightgbm,full_safe,42
2088,2025-02-06,2025-02-20,2300.0,2267.0,2177.2549998903323,12.71182412358883,0.05,2024-06-28,231,-0.014347826086956506,-0.05336739135202939,0,0,0,10,10,chronological_712,lightgbm,full_safe,42
2089,2025-02-07,2025-02-21,2286.0,2274.0,2178.844146130677,12.71182412358883,0.05,2024-06-28,231,-0.005249343832021025,-0.046874826714489504,0,0,0,10,10,chronological_712,lightgbm,full_safe,42
2090,2025-02-10,2025-02-24,2294.0,2287.0,2175.613183157891,12.71182412358883,0.05,2024-06-28,231,-0.0030514385353095363,-0.05160715642637714,0,0,0,10,10,chronological_712,lightgbm,full_safe,42
2091,2025-02-11,2025-02-25,2296.0,2275.0,2171.8102804927853,12.71182412358883,0.05,2024-06-28,231,-0.009146341463414642,-0.05408959908850819,0,0,0,10,10,chronological_712,lightgbm,full_safe,42
2092,2025-02-12,2025-02-26,2303.0,2271.0,2169.206561236708,12.71182412358883,0.05,2024-06-28,231,-0.013894919669995676,-0.05809528387463836,0,0,0,10,10,chronological_712,lightgbm,full_safe,42
2093,2025-02-13,2025-02-27,2302.0,2293.0,2167.9263523561453,12.71182412358883,0.05,2024-06-28,231,-0.003909643788010397,-0.05824224484963281,0,0,0,10,10,chronological_712,lightgbm,full_safe,42
2094,2025-02-14,2025-02-28,2303.0,2292.0,2166.996221255001,12.71182412358883,0.05,2024-06-28,231,-0.004776378636560996,-0.059055049389925784,0,0,0,10,10,chronological_712,lightgbm,full_safe,42
2095,2025-02-17,2025-03-03,2288.0,2312.0,2173.247593624214,12.71182412358883,0.05,2024-06-28,231,0.010489510489510412,-0.05015402376564071,1,0,0,10,10,chronological_712,lightgbm,full_safe,42
2096,2025-02-18,2025-03-04,2291.0,2310.0,2168.9909368718845,12.71182412358883,0.05,2024-06-28,231,0.008293321693583655,-0.053255811055484714,1,0,0,10,10,chronological_712,lightgbm,full_safe,42
2097,2025-02-19,2025-03-05,2290.0,2283.0,2174.4382430356777,12.71182412358883,0.05,2024-06-28,231,-0.0030567685589519833,-0.0504636493293984,0,0,0,10,10,chronological_712,lightgbm,full_safe,42
2098,2025-02-20,2025-03-06,2267.0,2308.0,2176.07597319793,12.71182412358883,0.05,2024-06-28,231,0.018085575650639507,-0.040107643053405306,1,0,0,10,10,chronological_712,lightgbm,full_safe,42
2099,2025-02-21,2025-03-07,2274.0,2308.0,2174.804260559051,12.71182412358883,0.05,2024-06-28,231,0.014951627088830355,-0.043621697203583665,1,0,0,10,10,chronological_712,lightgbm,full_safe,42
2100,2025-02-24,2025-03-10,2287.0,2319.0,2187.93289363509,12.71182412358883,0.05,2024-06-28,231,0.013992129427197186,-0.04331749294486675,1,0,0,10,10,chronological_712,lightgbm,full_safe,42
2101,2025-02-25,2025-03-11,2275.0,2326.0,2181.787712737252,12.71182412358883,0.05,2024-06-28,231,0.022417582417582516,-0.0409724339616474,1,0,0,10,10,chronological_712,lightgbm,full_safe,42
2102,2025-02-26,2025-03-12,2271.0,2315.0,2193.0789798533647,12.71182412358883,0.05,2024-06-28,231,0.019374724790841125,-0.03431132547187821,1,0,0,10,10,chronological_712,lightgbm,full_safe,42
2103,2025-02-27,2025-03-13,2293.0,2299.0,2218.9533365354996,12.71182412358883,0.05,2024-06-28,231,0.0026166593981682418,-0.03229248297623222,1,0,0,10,10,chronological_712,lightgbm,full_safe,42
2104,2025-02-28,2025-03-14,2292.0,2309.0,2224.3002985010894,12.71182412358883,0.05,2024-06-28,231,0.0074171029668412825,-0.029537391578931316,1,0,0,10,10,chronological_712,lightgbm,full_safe,42
2105,2025-03-03,2025-03-17,2312.0,2291.0,2227.759122522061,12.71182412358883,0.05,2024-06-28,231,-0.009083044982698962,-0.03643636569115016,0,0,0,10,10,chronological_712,lightgbm,full_safe,42
2106,2025-03-04,2025-03-18,2310.0,2292.0,2237.57065271394,12.71182412358883,0.05,2024-06-28,231,-0.007792207792207795,-0.03135469579483119,0,0,0,10,10,chronological_712,lightgbm,full_safe,42
2107,2025-03-05,2025-03-19,2283.0,2284.0,2243.602347460709,12.71182412358883,0.05,2024-06-28,231,0.00043802014892690977,-0.017256965632628463,1,0,0,10,10,chronological_712,lightgbm,full_safe,42
2108,2025-03-06,2025-03-20,2308.0,2280.0,2257.477174237852,12.71182412358883,0.05,2024-06-28,231,-0.012131715771230511,-0.021890305789492137,0,0,0,10,10,chronological_712,lightgbm,full_safe,42
2109,2025-03-07,2025-03-21,2308.0,2289.0,2273.1471619861004,12.71182412358883,0.05,2024-06-28,231,-0.008232235701906454,-0.01510088302162027,0,0,0,10,10,chronological_712,lightgbm,full_safe,42
2110,2025-03-10,2025-03-24,2319.0,2271.0,2371.010324098071,12.71182412358883,0.05,2024-06-28,231,-0.02069857697283317,0.022427910348456814,0,1,0,10,10,chronological_712,lightgbm,full_safe,42
2111,2025-03-11,2025-03-25,2326.0,2271.0,2382.1604787251026,12.71182412358883,0.05,2024-06-28,231,-0.02364574376612205,0.024144659813027713,0,1,0,10,10,chronological_712,lightgbm,full_safe,42
2112,2025-03-12,2025-03-26,2315.0,2262.0,2324.3318677055304,12.71182412358883,0.05,2024-06-28,231,-0.022894168466522702,0.004031044365239822,0,1,0,10,10,chronological_712,lightgbm,full_safe,42
2113,2025-03-13,2025-03-27,2299.0,2266.0,2386.522623030152,12.71182412358883,0.05,2024-06-28,231,-0.014354066985645897,0.03806986647679511,0,1,0,10,10,chronological_712,lightgbm,full_safe,42
2114,2025-03-14,2025-03-28,2309.0,2261.0,2421.43427694085,12.71182412358883,0.05,2024-06-28,231,-0.020788220008661762,0.04869392678252482,0,1,0,10,10,chronological_712,lightgbm,full_safe,42
2115,2025-03-17,2025-03-31,2291.0,2251.0,2430.228244255904,12.71182412358883,0.05,2024-06-28,231,-0.017459624618070713,0.06077182202352849,0,1,1,10,10,chronological_712,lightgbm,full_safe,42
2116,2025-03-18,2025-04-01,2292.0,2254.0,2449.965352825767,12.71182412358883,0.05,2024-06-28,231,-0.016579406631762605,0.06892031100600637,0,1,1,10,10,chronological_712,lightgbm,full_safe,42
2117,2025-03-19,2025-04-02,2284.0,2268.0,2454.8040959651635,12.71182412358883,0.05,2024-06-28,231,-0.007005253940455369,0.07478287914411719,0,1,1,10,10,chronological_712,lightgbm,full_safe,42
2118,2025-03-20,2025-04-03,2280.0,2284.0,2453.091411215516,12.71182412358883,0.05,2024-06-28,231,0.0017543859649122862,0.07591728562084032,1,1,1,10,10,chronological_712,lightgbm,full_safe,42
2119,2025-03-21,2025-04-07,2289.0,2283.0,2442.0078058862023,12.71182412358883,0.05,2024-06-28,231,-0.002621231979030192,0.06684482563835825,0,1,1,10,10,chronological_712,lightgbm,full_safe,42
2120,2025-03-24,2025-04-08,2271.0,2288.0,2450.5453638564613,12.71182412358883,0.05,2024-06-28,231,0.007485689123734041,0.07906004573159908,1,1,1,10,10,chronological_712,lightgbm,full_safe,42
2121,2025-03-25,2025-04-09,2271.0,2309.0,2451.3737202865577,12.71182412358883,0.05,2024-06-28,231,0.016732716864817254,0.07942479977391348,1,1,1,10,10,chronological_712,lightgbm,full_safe,42
2122,2025-03-26,2025-04-10,2262.0,2316.0,2448.893913327619,12.71182412358883,0.05,2024-06-28,231,0.023872679045092937,0.08262330385836392,1,1,1,10,10,chronological_712,lightgbm,full_safe,42
2123,2025-03-27,2025-04-11,2266.0,2314.0,2449.2177288368043,12.71182412358883,0.05,2024-06-28,231,0.02118270079435125,0.08085513187855442,1,1,1,10,10,chronological_712,lightgbm,full_safe,42
2124,2025-03-28,2025-04-14,2261.0,2310.0,2443.6245107000173,12.71182412358883,0.05,2024-06-28,231,0.021671826625387025,0.08077156598850821,1,1,1,10,10,chronological_712,lightgbm,full_safe,42
2125,2025-03-31,2025-04-15,2251.0,2302.0,2446.622131534115,12.71182412358883,0.05,2024-06-28,231,0.02265659706796974,0.08690454532834968,1,1,1,10,10,chronological_712,lightgbm,full_safe,42
2126,2025-04-01,2025-04-16,2254.0,2304.0,2447.41180523681,12.71182412358883,0.05,2024-06-28,231,0.022182786157941337,0.08580825431979133,1,1,1,10,10,chronological_712,lightgbm,full_safe,42
2127,2025-04-02,2025-04-17,2268.0,2303.0,2442.0826926195255,12.71182412358883,0.05,2024-06-28,231,0.015432098765432167,0.07675603731019631,1,1,1,10,10,chronological_712,lightgbm,full_safe,42
2128,2025-04-03,2025-04-18,2284.0,2288.0,2440.0954374808516,12.71182412358883,0.05,2024-06-28,231,0.0017513134851139256,0.06834301115623975,1,1,1,10,10,chronological_712,lightgbm,full_safe,42
2129,2025-04-07,2025-04-21,2283.0,2302.0,2439.991135913018,12.71182412358883,0.05,2024-06-28,231,0.008322382829610175,0.06876528073281563,1,1,1,10,10,chronological_712,lightgbm,full_safe,42
2130,2025-04-08,2025-04-22,2288.0,2324.0,2443.487198878623,12.71182412358883,0.05,2024-06-28,231,0.01573426573426584,0.06795769181757993,1,1,1,10,10,chronological_712,lightgbm,full_safe,42
2131,2025-04-09,2025-04-23,2309.0,2324.0,2447.633260948904,12.71182412358883,0.05,2024-06-28,231,0.006496318752706731,0.060040390190084114,1,1,1,10,10,chronological_712,lightgbm,full_safe,42
2132,2025-04-10,2025-04-24,2316.0,2338.0,2444.234819391606,12.71182412358883,0.05,2024-06-28,231,0.009499136442141731,0.0553690930015569,1,1,1,10,10,chronological_712,lightgbm,full_safe,42
2133,2025-04-11,2025-04-25,2314.0,2336.0,2442.9595688642626,12.71182412358883,0.05,2024-06-28,231,0.009507346585998278,0.05573015076242971,1,1,1,10,10,chronological_712,lightgbm,full_safe,42
2134,2025-04-14,2025-04-28,2310.0,2361.0,2436.765595511714,12.71182412358883,0.05,2024-06-28,231,0.02207792207792214,0.05487688117390199,1,1,1,10,10,chronological_712,lightgbm,full_safe,42
2135,2025-04-15,2025-04-29,2302.0,2355.0,2436.1326689352327,12.71182412358883,0.05,2024-06-28,231,0.02302345786272797,0.05826788398576577,1,1,1,10,10,chronological_712,lightgbm,full_safe,42
2136,2025-04-16,2025-04-30,2304.0,2377.0,2445.4580089507704,12.71182412358883,0.05,2024-06-28,231,0.03168402777777768,0.061396705273771834,1,1,1,10,10,chronological_712,lightgbm,full_safe,42
2137,2025-04-17,2025-05-06,2303.0,2365.0,2447.938755585864,12.71182412358883,0.05,2024-06-28,231,0.026921406860616504,0.06293476143545984,1,1,1,10,10,chronological_712,lightgbm,full_safe,42
2138,2025-04-18,2025-05-07,2288.0,2369.0,2446.816477353892,12.71182412358883,0.05,2024-06-28,231,0.03540209790209792,0.06941279604628137,1,1,1,10,10,chronological_712,lightgbm,full_safe,42
2139,2025-04-21,2025-05-08,2302.0,2365.0,2448.012291410253,12.71182412358883,0.05,2024-06-28,231,0.027367506516073004,0.06342844978725148,1,1,1,10,10,chronological_712,lightgbm,full_safe,42
2140,2025-04-22,2025-05-09,2324.0,2375.0,2443.396153013718,12.71182412358883,0.05,2024-06-28,231,0.02194492254733227,0.05137528098696986,1,1,1,10,10,chronological_712,lightgbm,full_safe,42
2141,2025-04-23,2025-05-12,2324.0,2363.0,2446.836033932405,12.71182412358883,0.05,2024-06-28,231,0.016781411359724663,0.05285543628760969,1,1,1,10,10,chronological_712,lightgbm,full_safe,42
2142,2025-04-24,2025-05-13,2338.0,2344.0,2444.4844868015903,12.71182412358883,0.05,2024-06-28,231,0.0025662959794696683,0.045545118392468,1,1,0,10,10,chronological_712,lightgbm,full_safe,42
2143,2025-04-25,2025-05-14,2336.0,2356.0,2436.1959413303157,12.71182412358883,0.05,2024-06-28,231,0.008561643835616417,0.04289209817222428,1,1,0,10,10,chronological_712,lightgbm,full_safe,42
2144,2025-04-28,2025-05-15,2361.0,2342.0,2428.9590531988442,12.71182412358883,0.05,2024-06-28,231,-0.008047437526471857,0.028784012367151224,0,1,0,10,10,chronological_712,lightgbm,full_safe,42
2145,2025-04-29,2025-05-16,2355.0,2335.0,2432.4064329168637,12.71182412358883,0.05,2024-06-28,231,-0.00849256900212314,0.03286897363773411,0,1,0,10,10,chronological_712,lightgbm,full_safe,42
2146,2025-04-30,2025-05-19,2377.0,2330.0,2431.642807295185,12.71182412358883,0.05,2024-06-28,231,-0.019772822885990693,0.02298813937534061,0,1,0,10,10,chronological_712,lightgbm,full_safe,42
2147,2025-05-06,2025-05-20,2365.0,2312.0,2426.428339063876,12.71182412358883,0.05,2024-06-28,231,-0.022410147991543394,0.025973927722569234,0,1,0,10,10,chronological_712,lightgbm,full_safe,42
2148,2025-05-07,2025-05-21,2369.0,2324.0,2432.550621602824,12.71182412358883,0.05,2024-06-28,231,-0.018995356690586718,0.026825927227869917,0,1,0,10,10,chronological_712,lightgbm,full_safe,42
2149,2025-05-08,2025-05-22,2365.0,2329.0,2416.6967074813024,12.71182412358883,0.05,2024-06-28,231,-0.015221987315010566,0.021859072930783263,0,1,0,10,10,chronological_712,lightgbm,full_safe,42
2150,2025-05-09,2025-05-23,2375.0,2327.0,2427.516951826058,12.71182412358883,0.05,2024-06-28,231,-0.020210526315789457,0.02211240076886667,0,1,0,10,10,chronological_712,lightgbm,full_safe,42
2151,2025-05-12,2025-05-26,2363.0,2318.0,2418.0905890128233,12.71182412358883,0.05,2024-06-28,231,-0.01904358865848499,0.02331383369141915,0,1,0,10,10,chronological_712,lightgbm,full_safe,42
2152,2025-05-13,2025-05-27,2344.0,2324.0,2417.147922460909,12.71182412358883,0.05,2024-06-28,231,-0.008532423208191142,0.031206451561821114,0,1,0,10,10,chronological_712,lightgbm,full_safe,42
2153,2025-05-14,2025-05-28,2356.0,2325.0,2420.5396858208737,12.71182412358883,0.05,2024-06-28,231,-0.013157894736842146,0.02739375459290061,0,1,0,10,10,chronological_712,lightgbm,full_safe,42
2154,2025-05-15,2025-05-29,2342.0,2332.0,2447.3939051910947,12.71182412358883,0.05,2024-06-28,231,-0.004269854824935915,0.04500166745990386,0,1,0,10,10,chronological_712,lightgbm,full_safe,42
2155,2025-05-16,2025-05-30,2335.0,2336.0,2429.884265544139,12.71182412358883,0.05,2024-06-28,231,0.0004282655246252709,0.04063565976194394,1,1,0,10,10,chronological_712,lightgbm,full_safe,42
2156,2025-05-19,2025-06-03,2330.0,2325.0,2422.9664350830935,12.71182412358883,0.05,2024-06-28,231,-0.0021459227467811592,0.03989975754639197,0,1,0,10,10,chronological_712,lightgbm,full_safe,42
2157,2025-05-20,2025-06-04,2312.0,2333.0,2424.465030864319,12.71182412358883,0.05,2024-06-28,231,0.009083044982698851,0.048644044491487515,1,1,0,10,10,chronological_712,lightgbm,full_safe,42
2158,2025-05-21,2025-06-05,2324.0,2335.0,2419.8944089057236,12.71182412358883,0.05,2024-06-28,231,0.004733218588640176,0.04126265443447652,1,1,0,10,10,chronological_712,lightgbm,full_safe,42
2159,2025-05-22,2025-06-06,2329.0,2340.0,2425.4698583443487,12.71182412358883,0.05,2024-06-28,231,0.00472305710605414,0.041421149997573625,1,1,0,10,10,chronological_712,lightgbm,full_safe,42
2160,2025-05-23,2025-06-09,2327.0,2357.0,2410.4554147596305,12.71182412358883,0.05,2024-06-28,231,0.01289213579716364,0.03586395133632592,1,1,0,10,10,chronological_712,lightgbm,full_safe,42
2161,2025-05-26,2025-06-10,2318.0,2379.0,2402.0032872499382,12.71182412358883,0.05,2024-06-28,231,0.026315789473684292,0.036239554465029356,1,1,0,10,10,chronological_712,lightgbm,full_safe,42
2162,2025-05-27,2025-06-11,2324.0,2374.0,2399.7111068267864,12.71182412358883,0.05,2024-06-28,231,0.02151462994836484,0.03257792892718858,1,1,0,10,10,chronological_712,lightgbm,full_safe,42
2163,2025-05-28,2025-06-12,2325.0,2372.0,2403.2032542197444,12.71182412358883,0.05,2024-06-28,231,0.020215053763440904,0.033635808266556655,1,1,0,10,10,chronological_712,lightgbm,full_safe,42
2164,2025-05-29,2025-06-13,2332.0,2378.0,2408.7492714926025,12.71182412358883,0.05,2024-06-28,231,0.019725557461406584,0.03291135141192214,1,1,0,10,10,chronological_712,lightgbm,full_safe,42
2165,2025-05-30,2025-06-16,2336.0,2359.0,2394.4653235108794,12.71182412358883,0.05,2024-06-28,231,0.009845890410958846,0.02502796383171213,1,1,0,10,10,chronological_712,lightgbm,full_safe,42
2166,2025-06-03,2025-06-17,2325.0,2399.0,2393.2451181313495,12.71182412358883,0.05,2024-06-28,231,0.03182795698924723,0.02935273898122559,1,1,0,10,10,chronological_712,lightgbm,full_safe,42
2167,2025-06-04,2025-06-18,2333.0,2397.0,2396.306858897147,12.71182412358883,0.05,2024-06-28,231,0.027432490355765005,0.02713538743984012,1,1,0,10,10,chronological_712,lightgbm,full_safe,42
2168,2025-06-05,2025-06-19,2335.0,2405.0,2395.9441089860975,12.71182412358883,0.05,2024-06-28,231,0.02997858672376874,0.02610026080775052,1,1,0,10,10,chronological_712,lightgbm,full_safe,42
2169,2025-06-06,2025-06-20,2340.0,2409.0,2401.713074553197,12.71182412358883,0.05,2024-06-28,231,0.029487179487179382,0.026373108783417587,1,1,0,10,10,chronological_712,lightgbm,full_safe,42
2170,2025-06-09,2025-06-23,2357.0,2408.0,2419.1905505700256,12.71182412358883,0.05,2024-06-28,231,0.02163767501060665,0.026385469058135547,1,1,0,10,10,chronological_712,lightgbm,full_safe,42
2171,2025-06-10,2025-06-24,2379.0,2389.0,2409.4353382948616,12.71182412358883,0.05,2024-06-28,231,0.004203446826397617,0.012793332616587438,1,1,0,10,10,chronological_712,lightgbm,full_safe,42
2172,2025-06-11,2025-06-25,2374.0,2377.0,2403.2466051389083,12.71182412358883,0.05,2024-06-28,231,0.0012636899747262564,0.012319547236271378,1,1,0,10,10,chronological_712,lightgbm,full_safe,42
2173,2025-06-12,2025-06-26,2372.0,2378.0,2397.306383234801,12.71182412358883,0.05,2024-06-28,231,0.002529510961214232,0.010668795630186079,1,1,0,10,10,chronological_712,lightgbm,full_safe,42
2174,2025-06-13,2025-06-27,2378.0,2384.0,2394.161420439046,12.71182412358883,0.05,2024-06-28,231,0.002523128679562614,0.0067962239020378234,1,1,0,10,10,chronological_712,lightgbm,full_safe,42
2175,2025-06-16,2025-06-30,2359.0,2378.0,2398.01821761628,12.71182412358883,0.05,2024-06-28,231,0.008054260279779513,0.01654015159655775,1,1,0,10,10,chronological_712,lightgbm,full_safe,42
2176,2025-06-17,2025-07-01,2399.0,2383.0,2401.1911998497253,12.71182412358883,0.05,2024-06-28,231,-0.00666944560233429,0.000913380512599149,0,1,0,10,10,chronological_712,lightgbm,full_safe,42
2177,2025-06-18,2025-07-02,2397.0,2363.0,2396.416596509806,12.71182412358883,0.05,2024-06-28,231,-0.014184397163120588,-0.00024338902386067396,0,0,0,10,10,chronological_712,lightgbm,full_safe,42
2178,2025-06-19,2025-07-03,2405.0,2363.0,2398.481691432255,12.71182412358883,0.05,2024-06-28,231,-0.017463617463617465,-0.0027103154127837703,0,0,0,10,10,chronological_712,lightgbm,full_safe,42
2179,2025-06-20,2025-07-04,2409.0,2353.0,2397.9805955359966,12.71182412358883,0.05,2024-06-28,231,-0.02324616023246162,-0.004574265032795122,0,0,0,10,10,chronological_712,lightgbm,full_safe,42
2180,2025-06-23,2025-07-07,2408.0,2326.0,2395.9391767363045,12.71182412358883,0.05,2024-06-28,231,-0.03405315614617943,-0.005008647534757271,0,0,0,10,10,chronological_712,lightgbm,full_safe,42
2181,2025-06-24,2025-07-08,2389.0,2321.0,2411.8499147348803,12.71182412358883,0.05,2024-06-28,231,-0.028463792381749675,0.009564635719916392,0,1,0,10,10,chronological_712,lightgbm,full_safe,42
2182,2025-06-25,2025-07-09,2377.0,2319.0,2404.0558856857356,12.71182412358883,0.05,2024-06-28,231,-0.024400504838031134,0.01138236671675874,0,1,0,10,10,chronological_712,lightgbm,full_safe,42
2183,2025-06-26,2025-07-10,2378.0,2320.0,2401.2961557937356,12.71182412358883,0.05,2024-06-28,231,-0.024390243902439046,0.00979653313445561,0,1,0,10,10,chronological_712,lightgbm,full_safe,42
2184,2025-06-27,2025-07-11,2384.0,2306.0,2401.376228242639,12.71182412358883,0.05,2024-06-28,231,-0.03271812080536918,0.007288686343388973,0,1,0,10,10,chronological_712,lightgbm,full_safe,42
2185,2025-06-30,2025-07-14,2378.0,2302.0,2402.974338497522,12.71182412358883,0.05,2024-06-28,231,-0.031959629941127,0.010502244952700579,0,1,0,10,10,chronological_712,lightgbm,full_safe,42
2186,2025-07-01,2025-07-15,2383.0,2295.0,2401.115833429109,12.71182412358883,0.05,2024-06-28,231,-0.03692824171212761,0.00760211222371332,0,1,0,10,10,chronological_712,lightgbm,full_safe,42
2187,2025-07-02,2025-07-16,2363.0,2293.0,2399.439260430787,12.71182412358883,0.05,2024-06-28,231,-0.029623360135421106,0.01542076192585129,0,1,0,10,10,chronological_712,lightgbm,full_safe,42
2188,2025-07-03,2025-07-17,2363.0,2296.0,2399.467632811713,12.71182412358883,0.05,2024-06-28,231,-0.028353787558188737,0.015432768858109513,0,1,0,10,10,chronological_712,lightgbm,full_safe,42
2189,2025-07-04,2025-07-18,2353.0,2314.0,2398.303237631825,12.71182412358883,0.05,2024-06-28,231,-0.016574585635359074,0.019253394658659273,0,1,0,10,10,chronological_712,lightgbm,full_safe,42
2190,2025-07-07,2025-07-21,2326.0,2320.0,2399.567576960143,12.71182412358883,0.05,2024-06-28,231,-0.002579535683576939,0.031628364987163815,0,1,0,10,10,chronological_712,lightgbm,full_safe,42
2191,2025-07-08,2025-07-22,2321.0,2322.0,2396.9314149390016,12.71182412358883,0.05,2024-06-28,231,0.0004308487720809939,0.03271495688884163,1,1,0,10,10,chronological_712,lightgbm,full_safe,42
2192,2025-07-09,2025-07-23,2319.0,2321.0,2395.5248144729303,12.71182412358883,0.05,2024-06-28,231,0.0008624407072013174,0.032999057556244216,1,1,0,10,10,chronological_712,lightgbm,full_safe,42
2193,2025-07-10,2025-07-24,2320.0,2318.0,2401.08752406679,12.71182412358883,0.05,2024-06-28,231,-0.0008620689655172153,0.03495151899430615,0,1,0,10,10,chronological_712,lightgbm,full_safe,42
2194,2025-07-11,2025-07-25,2306.0,2311.0,2411.4185269274976,12.71182412358883,0.05,2024-06-28,231,0.002168256721595929,0.04571488591825568,1,1,0,10,10,chronological_712,lightgbm,full_safe,42
2195,2025-07-14,2025-07-28,2302.0,2319.0,2421.321989126782,12.71182412358883,0.05,2024-06-28,231,0.00738488271068638,0.0518340526180634,1,1,1,10,10,chronological_712,lightgbm,full_safe,42
2196,2025-07-15,2025-07-29,2295.0,2302.0,2444.5083540504143,12.71182412358883,0.05,2024-06-28,231,0.003050108932461937,0.0651452523095486,1,1,1,10,10,chronological_712,lightgbm,full_safe,42
2197,2025-07-16,2025-07-30,2293.0,2312.0,2460.074948583657,12.71182412358883,0.05,2024-06-28,231,0.008286088094199728,0.07286303906831959,1,1,1,10,10,chronological_712,lightgbm,full_safe,42
2198,2025-07-17,2025-07-31,2296.0,2288.0,2452.8258877291332,12.71182412358883,0.05,2024-06-28,231,-0.0034843205574912606,0.06830395807018008,0,1,1,10,10,chronological_712,lightgbm,full_safe,42
2199,2025-07-18,2025-08-01,2314.0,2297.0,2455.0087988565906,12.71182412358883,0.05,2024-06-28,231,-0.0073465859982714266,0.060937251018405636,0,1,1,10,10,chronological_712,lightgbm,full_safe,42
2200,2025-07-21,2025-08-04,2320.0,2284.0,2455.131218924606,12.71182412358883,0.05,2024-06-28,231,-0.01551724137931032,0.05824621505370953,0,1,1,10,10,chronological_712,lightgbm,full_safe,42
2201,2025-07-22,2025-08-05,2322.0,2249.0,2446.6135920263346,12.71182412358883,0.05,2024-06-28,231,-0.03143841515934542,0.053666490967413605,0,1,1,10,10,chronological_712,lightgbm,full_safe,42
2202,2025-07-23,2025-08-06,2321.0,2259.0,2454.229455371824,12.71182412358883,0.05,2024-06-28,231,-0.026712623869021956,0.05740174725197056,0,1,1,10,10,chronological_712,lightgbm,full_safe,42
2203,2025-07-24,2025-08-07,2318.0,2267.0,2449.6194257857323,12.71182412358883,0.05,2024-06-28,231,-0.02200172562553926,0.05678146064958245,0,1,1,10,10,chronological_712,lightgbm,full_safe,42
2204,2025-07-25,2025-08-08,2311.0,2255.0,2448.808153894817,12.71182412358883,0.05,2024-06-28,231,-0.024231934227607055,0.059631395021556566,0,1,1,10,10,chronological_712,lightgbm,full_safe,42
2205,2025-07-28,2025-08-11,2319.0,2262.0,2451.740830402909,12.71182412358883,0.05,2024-06-28,231,-0.02457956015523932,0.05724054782359156,0,1,1,10,10,chronological_712,lightgbm,full_safe,42
2206,2025-07-29,2025-08-12,2302.0,2260.0,2450.665717999933,12.71182412358883,0.05,2024-06-28,231,-0.018245004344048632,0.06458111120761645,0,1,1,10,10,chronological_712,lightgbm,full_safe,42
2207,2025-07-30,2025-08-13,2312.0,2212.0,2452.827549726843,12.71182412358883,0.05,2024-06-28,231,-0.04325259515570934,0.06091156995105651,0,1,1,10,10,chronological_712,lightgbm,full_safe,42
2208,2025-07-31,2025-08-14,2288.0,2202.0,2452.2925704115205,12.71182412358883,0.05,2024-06-28,231,-0.037587412587412605,0.07180619336167848,0,1,1,10,10,chronological_712,lightgbm,full_safe,42
2209,2025-08-01,2025-08-15,2297.0,2190.0,2440.9706179792756,12.71182412358883,0.05,2024-06-28,231,-0.046582498911623804,0.06267767434883575,0,1,1,10,10,chronological_712,lightgbm,full_safe,42
2210,2025-08-04,2025-08-18,2284.0,2177.0,2436.7215970125235,12.71182412358883,0.05,2024-06-28,231,-0.04684763572679507,0.06686584807903828,0,1,1,10,10,chronological_712,lightgbm,full_safe,42
2211,2025-08-05,2025-08-19,2249.0,2170.0,2436.8842218345394,12.71182412358883,0.05,2024-06-28,231,-0.035126722987994685,0.08354122802780761,0,1,1,10,10,chronological_712,lightgbm,full_safe,42
2212,2025-08-06,2025-08-20,2259.0,2170.0,2436.3020878679836,12.71182412358883,0.05,2024-06-28,231,-0.03939796370075255,0.0784869800212411,0,1,1,10,10,chronological_712,lightgbm,full_safe,42
2213,2025-08-07,2025-08-21,2267.0,2166.0,2440.244176629467,12.71182412358883,0.05,2024-06-28,231,-0.044552271724746406,0.0764200161576829,0,1,1,10,10,chronological_712,lightgbm,full_safe,42
2214,2025-08-08,2025-08-22,2255.0,2175.0,2434.166762071223,12.71182412358883,0.05,2024-06-28,231,-0.03547671840354771,0.07945310956595253,0,1,1,10,10,chronological_712,lightgbm,full_safe,42
2215,2025-08-11,2025-08-25,2262.0,2154.0,2429.2741548564163,12.71182412358883,0.05,2024-06-28,231,-0.04774535809018565,0.07394967058197,0,1,1,10,10,chronological_712,lightgbm,full_safe,42
2216,2025-08-12,2025-08-26,2260.0,2158.0,2429.316888669889,12.71182412358883,0.05,2024-06-28,231,-0.045132743362831906,0.07491897728756158,0,1,1,10,10,chronological_712,lightgbm,full_safe,42
2217,2025-08-13,2025-08-27,2212.0,2164.0,2432.3742690571908,12.71182412358883,0.05,2024-06-28,231,-0.02169981916817365,0.09962670391373907,0,1,1,10,10,chronological_712,lightgbm,full_safe,42
2218,2025-08-14,2025-08-28,2202.0,2185.0,2430.954758149877,12.71182412358883,0.05,2024-06-28,231,-0.007720254314259711,0.10397582113981696,0,1,1,10,10,chronological_712,lightgbm,full_safe,42
2219,2025-08-15,2025-08-29,2190.0,2191.0,2436.841797074493,12.71182412358883,0.05,2024-06-28,231,0.0004566210045662267,0.11271314934908361,1,1,1,10,10,chronological_712,lightgbm,full_safe,42
2220,2025-08-18,2025-09-01,2177.0,2193.0,2431.1358864672575,12.71182412358883,0.05,2024-06-28,231,0.007349563619660104,0.11673674160186387,1,1,1,10,10,chronological_712,lightgbm,full_safe,42
2221,2025-08-19,2025-09-02,2170.0,2200.0,2430.587902448168,12.71182412358883,0.05,2024-06-28,231,0.01382488479262678,0.12008659098993912,1,1,1,10,10,chronological_712,lightgbm,full_safe,42
2222,2025-08-20,2025-09-03,2170.0,2193.0,2431.311283373283,12.71182412358883,0.05,2024-06-28,231,0.010599078341013923,0.1204199462549691,1,1,1,10,10,chronological_712,lightgbm,full_safe,42
2223,2025-08-21,2025-09-04,2166.0,2210.0,2411.6188355239933,12.71182412358883,0.05,2024-06-28,231,0.02031394275161591,0.11339743098984001,1,1,1,10,10,chronological_712,lightgbm,full_safe,42
2224,2025-08-22,2025-09-05,2175.0,2224.0,2408.6099712004284,12.71182412358883,0.05,2024-06-28,231,0.022528735632183938,0.10740688331054171,1,1,1,10,10,chronological_712,lightgbm,full_safe,42
2225,2025-08-25,2025-09-08,2154.0,2231.0,2410.354365762382,12.71182412358883,0.05,2024-06-28,231,0.03574744661095641,0.1190131688776146,1,1,1,10,10,chronological_712,lightgbm,full_safe,42
2226,2025-08-26,2025-09-09,2158.0,2214.0,2410.2974096940743,12.71182412358883,0.05,2024-06-28,231,0.025949953660797,0.11691260875536336,1,1,1,10,10,chronological_712,lightgbm,full_safe,42
2227,2025-08-27,2025-09-10,2164.0,2197.0,2412.441344187443,12.71182412358883,0.05,2024-06-28,231,0.015249537892791043,0.11480653613098113,1,1,1,10,10,chronological_712,lightgbm,full_safe,42
2228,2025-08-28,2025-09-11,2185.0,2202.0,2411.3401232251645,12.71182412358883,0.05,2024-06-28,231,0.0077803203661326314,0.10358815708245506,1,1,1,10,10,chronological_712,lightgbm,full_safe,42
2229,2025-08-29,2025-09-12,2191.0,2197.0,2412.159043520477,12.71182412358883,0.05,2024-06-28,231,0.00273847558192597,0.10093977340049154,1,1,1,10,10,chronological_712,lightgbm,full_safe,42
2230,2025-09-01,2025-09-15,2193.0,2167.0,2410.2451150081156,12.71182412358883,0.05,2024-06-28,231,-0.011855905152758806,0.09906297993986124,0,1,1,10,10,chronological_712,lightgbm,full_safe,42
2231,2025-09-02,2025-09-16,2200.0,2166.0,2409.2669834794533,12.71182412358883,0.05,2024-06-28,231,-0.015454545454545499,0.09512135612702433,0,1,1,10,10,chronological_712,lightgbm,full_safe,42
2232,2025-09-03,2025-09-17,2193.0,2161.0,2411.370513144926,12.71182412358883,0.05,2024-06-28,231,-0.01459188326493388,0.09957615738482728,0,1,1,10,10,chronological_712,lightgbm,full_safe,42
2233,2025-09-04,2025-09-18,2210.0,2177.0,2416.5916828334416,12.71182412358883,0.05,2024-06-28,231,-0.014932126696832526,0.09348039947214559,0,1,1,10,10,chronological_712,lightgbm,full_safe,42
2234,2025-09-05,2025-09-19,2224.0,2168.0,2421.4071971720996,12.71182412358883,0.05,2024-06-28,231,-0.025179856115107868,0.08876222894428931,0,1,1,10,10,chronological_712,lightgbm,full_safe,42
2235,2025-09-08,2025-09-22,2231.0,2147.0,2412.109905220305,12.71182412358883,0.05,2024-06-28,231,-0.0376512774540565,0.08117880108485198,0,1,1,10,10,chronological_712,lightgbm,full_safe,42
2236,2025-09-09,2025-09-23,2214.0,2158.0,2419.8617349968663,12.71182412358883,0.05,2024-06-28,231,-0.025293586269195978,0.09298181345838596,0,1,1,10,10,chronological_712,lightgbm,full_safe,42
2237,2025-09-10,2025-09-24,2197.0,2164.0,2406.3115891116713,12.71182412358883,0.05,2024-06-28,231,-0.01502048247610377,0.0952715471605241,0,1,1,10,10,chronological_712,lightgbm,full_safe,42
2238,2025-09-11,2025-09-25,2202.0,2165.0,2405.0159751591045,12.71182412358883,0.05,2024-06-28,231,-0.016802906448682986,0.09219617400504299,0,1,1,10,10,chronological_712,lightgbm,full_safe,42
2239,2025-09-12,2025-09-26,2197.0,2178.0,2409.3525788175975,12.71182412358883,0.05,2024-06-28,231,-0.008648156577150679,0.09665570269349,0,1,1,10,10,chronological_712,lightgbm,full_safe,42
2240,2025-09-15,2025-09-29,2167.0,2159.0,2403.5172017368545,12.71182412358883,0.05,2024-06-28,231,-0.00369173973234882,0.10914499387948995,0,1,1,10,10,chronological_712,lightgbm,full_safe,42
2241,2025-09-16,2025-09-30,2166.0,2143.0,2414.4976467511347,12.71182412358883,0.05,2024-06-28,231,-0.01061865189289013,0.1147265220457685,0,1,1,10,10,chronological_712,lightgbm,full_safe,42
2242,2025-09-17,2025-10-09,2161.0,2138.0,2410.065844977345,12.71182412358883,0.05,2024-06-28,231,-0.010643220731142988,0.11525490281228357,0,1,1,10,10,chronological_712,lightgbm,full_safe,42
2243,2025-09-18,2025-10-10,2177.0,2125.0,2401.3853385936136,12.71182412358883,0.05,2024-06-28,231,-0.023886081763895284,0.10307089508204581,0,1,1,10,10,chronological_712,lightgbm,full_safe,42
2244,2025-09-19,2025-10-13,2168.0,2092.0,2402.1341800315768,12.71182412358883,0.05,2024-06-28,231,-0.035055350553505504,0.10799547049426983,0,1,1,10,10,chronological_712,lightgbm,full_safe,42
2245,2025-09-22,2025-10-14,2147.0,2111.0,2406.978817193785,12.71182412358883,0.05,2024-06-28,231,-0.01676758267349787,0.12108934196263843,0,1,1,10,10,chronological_712,lightgbm,full_safe,42
2246,2025-09-23,2025-10-15,2158.0,2127.0,2401.5004849429274,12.71182412358883,0.05,2024-06-28,231,-0.014365152919369795,0.1128361839401888,0,1,1,10,10,chronological_712,lightgbm,full_safe,42
2247,2025-09-24,2025-10-16,2164.0,2136.0,2396.770583019759,12.71182412358883,0.05,2024-06-28,231,-0.012939001848428888,0.10756496442687569,0,1,1,10,10,chronological_712,lightgbm,full_safe,42
2248,2025-09-25,2025-10-17,2165.0,2117.0,2402.6958564595293,12.71182412358883,0.05,2024-06-28,231,-0.022170900692840667,0.10979023393049858,0,1,1,10,10,chronological_712,lightgbm,full_safe,42
2249,2025-09-26,2025-10-20,2178.0,2138.0,2404.4413172706054,12.71182412358883,0.05,2024-06-28,231,-0.018365472910927494,0.10396754695620092,0,1,1,10,10,chronological_712,lightgbm,full_safe,42
2250,2025-09-29,2025-10-21,2159.0,2144.0,2405.5713329578425,12.71182412358883,0.05,2024-06-28,231,-0.0069476609541454515,0.11420626816018653,0,1,1,10,10,chronological_712,lightgbm,full_safe,42
2251,2025-09-30,2025-10-22,2143.0,2133.0,2407.0048652108903,12.71182412358883,0.05,2024-06-28,231,-0.004666355576294912,0.12319405749458245,0,1,1,10,10,chronological_712,lightgbm,full_safe,42
2252,2025-10-09,2025-10-23,2138.0,2140.0,2407.384554297988,12.71182412358883,0.05,2024-06-28,231,0.00093545369504211,0.1259983883526603,1,1,1,10,10,chronological_712,lightgbm,full_safe,42
2253,2025-10-10,2025-10-24,2125.0,2133.0,2403.213962131555,12.71182412358883,0.05,2024-06-28,231,0.0037647058823528923,0.1309242174736729,1,1,1,10,10,chronological_712,lightgbm,full_safe,42
2254,2025-10-13,2025-10-27,2092.0,2112.0,2398.731384362098,12.71182412358883,0.05,2024-06-28,231,0.009560229445506607,0.14662112063197807,1,1,1,10,10,chronological_712,lightgbm,full_safe,42
2255,2025-10-14,2025-10-28,2111.0,2123.0,2365.6623265296143,12.71182412358883,0.05,2024-06-28,231,0.0056845097110374,0.12063587234941475,1,1,1,10,10,chronological_712,lightgbm,full_safe,42
2256,2025-10-15,2025-10-29,2127.0,2116.0,2364.2055680713,12.71182412358883,0.05,2024-06-28,231,-0.005171603196991059,0.11152118856196536,0,1,1,10,10,chronological_712,lightgbm,full_safe,42
2257,2025-10-16,2025-10-30,2136.0,2111.0,2358.3460635535334,12.71182412358883,0.05,2024-06-28,231,-0.011704119850187267,0.10409459904191642,0,1,1,10,10,chronological_712,lightgbm,full_safe,42
2258,2025-10-17,2025-10-31,2117.0,2130.0,2350.567531982535,12.71182412358883,0.05,2024-06-28,231,0.006140765233821455,0.11032949078060228,1,1,1,10,10,chronological_712,lightgbm,full_safe,42
2259,2025-10-20,2025-11-03,2138.0,2141.0,2373.6606974077868,12.71182412358883,0.05,2024-06-28,231,0.001403180542563165,0.11022483508315561,1,1,1,10,10,chronological_712,lightgbm,full_safe,42
2260,2025-10-21,2025-11-04,2144.0,2135.0,2359.47436798359,12.71182412358883,0.05,2024-06-28,231,-0.004197761194029814,0.10050110446995819,0,1,1,10,10,chronological_712,lightgbm,full_safe,42
2261,2025-10-22,2025-11-05,2133.0,2134.0,2392.371772249922,12.71182412358883,0.05,2024-06-28,231,0.00046882325363339916,0.12159951816686454,1,1,1,10,10,chronological_712,lightgbm,full_safe,42
2262,2025-10-23,2025-11-06,2140.0,2154.0,2380.312932979746,12.71182412358883,0.05,2024-06-28,231,0.006542056074766434,0.11229576307464773,1,1,1,10,10,chronological_712,lightgbm,full_safe,42
2263,2025-10-24,2025-11-07,2133.0,2149.0,2376.1638307700514,12.71182412358883,0.05,2024-06-28,231,0.0075011720581341645,0.11400085830757223,1,1,1,10,10,chronological_712,lightgbm,full_safe,42
2264,2025-10-27,2025-11-10,2112.0,2164.0,2378.28348552484,12.71182412358883,0.05,2024-06-28,231,0.024621212121212155,0.12608119579774635,1,1,1,10,10,chronological_712,lightgbm,full_safe,42
2265,2025-10-28,2025-11-11,2123.0,2177.0,2365.514793981607,12.71182412358883,0.05,2024-06-28,231,0.025435704192180886,0.11423212151747864,1,1,1,10,10,chronological_712,lightgbm,full_safe,42
2266,2025-10-29,2025-11-12,2116.0,2177.0,2332.979408439719,12.71182412358883,0.05,2024-06-28,231,0.02882797731569009,0.10254225351593527,1,1,1,10,10,chronological_712,lightgbm,full_safe,42
2267,2025-10-30,2025-11-13,2111.0,2186.0,2324.2719344837224,12.71182412358883,0.05,2024-06-28,231,0.03552818569398397,0.10102886522203813,1,1,1,10,10,chronological_712,lightgbm,full_safe,42
2268,2025-10-31,2025-11-14,2130.0,2185.0,2327.815438347058,12.71182412358883,0.05,2024-06-28,231,0.025821596244131495,0.09287109781552005,1,1,1,10,10,chronological_712,lightgbm,full_safe,42
2269,2025-11-03,2025-11-17,2141.0,2182.0,2325.144033996665,12.71182412358883,0.05,2024-06-28,231,0.019149929939280774,0.08600842316518675,1,1,1,10,10,chronological_712,lightgbm,full_safe,42
2270,2025-11-04,2025-11-18,2135.0,2168.0,2316.6359306398253,12.71182412358883,0.05,2024-06-28,231,0.015456674473067977,0.08507537734886439,1,1,1,10,10,chronological_712,lightgbm,full_safe,42
2271,2025-11-05,2025-11-19,2134.0,2175.0,2320.43728908988,12.71182412358883,0.05,2024-06-28,231,0.01921274601686962,0.08736517764286789,1,1,1,10,10,chronological_712,lightgbm,full_safe,42
2272,2025-11-06,2025-11-20,2154.0,2168.0,2234.351534117376,12.71182412358883,0.05,2024-06-28,231,0.006499535747446661,0.03730340488271877,1,1,0,10,10,chronological_712,lightgbm,full_safe,42
2273,2025-11-07,2025-11-21,2149.0,2195.0,2199.880871841515,12.71182412358883,0.05,2024-06-28,231,0.021405304792927016,0.02367653412820614,1,1,0,10,10,chronological_712,lightgbm,full_safe,42
2274,2025-11-10,2025-11-24,2164.0,2220.0,2196.9308279831953,12.71182412358883,0.05,2024-06-28,231,0.025878003696857776,0.015217573005173346,1,1,0,10,10,chronological_712,lightgbm,full_safe,42
2275,2025-11-11,2025-11-25,2177.0,2242.0,2200.0913422639665,12.71182412358883,0.05,2024-06-28,231,0.029857602204869105,0.010606955564522957,1,1,0,10,10,chronological_712,lightgbm,full_safe,42
2276,2025-11-12,2025-11-26,2177.0,2235.0,2204.6427106463652,12.71182412358883,0.05,2024-06-28,231,0.02664216812126785,0.012697616282207225,1,1,0,10,10,chronological_712,lightgbm,full_safe,42
2277,2025-11-13,2025-11-27,2186.0,2243.0,2227.2128537742333,12.71182412358883,0.05,2024-06-28,231,0.026075022872827036,0.01885308955820375,1,1,0,10,10,chronological_712,lightgbm,full_safe,42
2278,2025-11-14,2025-11-28,2185.0,2244.0,2223.5741386856935,12.71182412358883,0.05,2024-06-28,231,0.02700228832951934,0.01765406804837233,1,1,0,10,10,chronological_712,lightgbm,full_safe,42
2279,2025-11-17,2025-12-01,2182.0,2236.0,2229.570192901209,12.71182412358883,0.05,2024-06-28,231,0.024747937671860676,0.021801188314027886,1,1,0,10,10,chronological_712,lightgbm,full_safe,42
2280,2025-11-18,2025-12-02,2168.0,2243.0,2247.714862167256,12.71182412358883,0.05,2024-06-28,231,0.03459409594095941,0.0367688478631254,1,1,0,10,10,chronological_712,lightgbm,full_safe,42
2281,2025-11-19,2025-12-03,2175.0,2259.0,2243.6223592129218,12.71182412358883,0.05,2024-06-28,231,0.0386206896551724,0.0315505099829525,1,1,0,10,10,chronological_712,lightgbm,full_safe,42
2282,2025-11-20,2025-12-04,2168.0,2287.0,2247.080526574578,12.71182412358883,0.05,2024-06-28,231,0.05488929889298899,0.03647625764510054,1,1,0,10,10,chronological_712,lightgbm,full_safe,42
2283,2025-11-21,2025-12-05,2195.0,2295.0,2268.235597203265,12.71182412358883,0.05,2024-06-28,231,0.04555808656036442,0.03336473676686347,1,1,0,10,10,chronological_712,lightgbm,full_safe,42
2284,2025-11-24,2025-12-08,2220.0,2261.0,2362.591909068066,12.71182412358883,0.05,2024-06-28,231,0.01846846846846839,0.06423058967029993,1,1,1,10,10,chronological_712,lightgbm,full_safe,42
2285,2025-11-25,2025-12-09,2242.0,2236.0,2389.6095473819596,12.71182412358883,0.05,2024-06-28,231,-0.00267618198037467,0.06583833513914339,0,1,1,10,10,chronological_712,lightgbm,full_safe,42
2286,2025-11-26,2025-12-10,2235.0,2236.0,2388.847319340653,12.71182412358883,0.05,2024-06-28,231,0.0004474272930647949,0.068835489637876,1,1,1,10,10,chronological_712,lightgbm,full_safe,42
2287,2025-11-27,2025-12-11,2243.0,2236.0,2394.5831834695573,12.71182412358883,0.05,2024-06-28,231,-0.0031208203299153414,0.06758055437786781,0,1,1,10,10,chronological_712,lightgbm,full_safe,42
2288,2025-11-28,2025-12-12,2244.0,2233.0,2393.413451749251,12.71182412358883,0.05,2024-06-28,231,-0.004901960784313708,0.06658353464761646,0,1,1,10,10,chronological_712,lightgbm,full_safe,42
2289,2025-12-01,2025-12-15,2236.0,2208.0,2391.042300554236,12.71182412358883,0.05,2024-06-28,231,-0.012522361359570633,0.06933913262711822,0,1,1,10,10,chronological_712,lightgbm,full_safe,42
2290,2025-12-02,2025-12-16,2243.0,2202.0,2393.98262155298,12.71182412358883,0.05,2024-06-28,231,-0.01827909050378962,0.0673128049723497,0,1,1,10,10,chronological_712,lightgbm,full_safe,42
2291,2025-12-03,2025-12-17,2259.0,2206.0,2418.503288604806,12.71182412358883,0.05,2024-06-28,231,-0.02346170872067288,0.070607918815762,0,1,1,10,10,chronological_712,lightgbm,full_safe,42
2292,2025-12-04,2025-12-18,2287.0,2190.0,2408.2149086327922,12.71182412358883,0.05,2024-06-28,231,-0.04241364232619149,0.05300170906549728,0,1,1,10,10,chronological_712,lightgbm,full_safe,42
2293,2025-12-05,2025-12-19,2295.0,2192.0,2405.785527667877,12.71182412358883,0.05,2024-06-28,231,-0.04488017429193902,0.048272561075327625,0,1,0,10,10,chronological_712,lightgbm,full_safe,42
2294,2025-12-08,2025-12-22,2261.0,2192.0,2403.62223605788,12.71182412358883,0.05,2024-06-28,231,-0.030517470145953074,0.06307927291370197,0,1,1,10,10,chronological_712,lightgbm,full_safe,42
2295,2025-12-09,2025-12-23,2236.0,2189.0,2399.1961661348014,12.71182412358883,0.05,2024-06-28,231,-0.021019677996422237,0.07298576302987536,0,1,1,10,10,chronological_712,lightgbm,full_safe,42
2296,2025-12-10,2025-12-24,2236.0,2196.0,2401.974954998543,12.71182412358883,0.05,2024-06-28,231,-0.017889087656529523,0.07422851296893707,0,1,1,10,10,chronological_712,lightgbm,full_safe,42
2297,2025-12-11,2025-12-25,2236.0,2189.0,2398.4628449900174,12.71182412358883,0.05,2024-06-28,231,-0.021019677996422237,0.0726578018738897,0,1,1,10,10,chronological_712,lightgbm,full_safe,42
2298,2025-12-12,2025-12-26,2233.0,2222.0,2395.2844835675396,12.71182412358883,0.05,2024-06-28,231,-0.0049261083743842304,0.07267554123042519,0,1,1,10,10,chronological_712,lightgbm,full_safe,42
2299,2025-12-15,2025-12-29,2208.0,2249.0,2391.717652361015,12.71182412358883,0.05,2024-06-28,231,0.0185688405797102,0.08320545849683647,1,1,1,10,10,chronological_712,lightgbm,full_safe,42
2300,2025-12-16,2025-12-30,2202.0,2230.0,2396.9429974796008,12.71182412358883,0.05,2024-06-28,231,0.012715712988192518,0.08852997160744813,1,1,1,10,10,chronological_712,lightgbm,full_safe,42
2301,2025-12-17,2025-12-31,2206.0,2226.0,2403.8756553639796,12.71182412358883,0.05,2024-06-28,231,0.009066183136899442,0.08969884649319115,1,1,1,10,10,chronological_712,lightgbm,full_safe,42
2302,2025-12-18,2026-01-05,2190.0,2224.0,2405.8745613846086,12.71182412358883,0.05,2024-06-28,231,0.01552511415525104,0.0985728590797299,1,1,1,10,10,chronological_712,lightgbm,full_safe,42
2303,2025-12-19,2026-01-06,2192.0,2222.0,2392.4649847419546,12.71182412358883,0.05,2024-06-28,231,0.013686131386861256,0.09145300398811806,1,1,1,10,10,chronological_712,lightgbm,full_safe,42
2304,2025-12-22,2026-01-07,2192.0,2248.0,2407.2555331316303,12.71182412358883,0.05,2024-06-28,231,0.025547445255474477,0.09820051693961229,1,1,1,10,10,chronological_712,lightgbm,full_safe,42
2305,2025-12-23,2026-01-08,2189.0,2266.0,2391.596415873922,12.71182412358883,0.05,2024-06-28,231,0.035175879396984966,0.09255204014340879,1,1,1,10,10,chronological_712,lightgbm,full_safe,42
2306,2025-12-24,2026-01-09,2196.0,2263.0,2376.087836394039,12.71182412358883,0.05,2024-06-28,231,0.030510018214936263,0.08200721147269552,1,1,1,10,10,chronological_712,lightgbm,full_safe,42
2307,2025-12-25,2026-01-12,2189.0,2290.0,2375.030292921977,12.71182412358883,0.05,2024-06-28,231,0.04613978985838285,0.08498414477934069,1,1,1,10,10,chronological_712,lightgbm,full_safe,42
2308,2025-12-26,2026-01-13,2222.0,2284.0,2371.5407790211752,12.71182412358883,0.05,2024-06-28,231,0.027902790279027867,0.06730008056758563,1,1,1,10,10,chronological_712,lightgbm,full_safe,42
2309,2025-12-29,2026-01-14,2249.0,2272.0,2367.513033120356,12.71182412358883,0.05,2024-06-28,231,0.010226767452200969,0.052695879555516134,1,1,1,10,10,chronological_712,lightgbm,full_safe,42
2310,2025-12-30,2026-01-15,2230.0,2295.0,2370.1325263876033,12.71182412358883,0.05,2024-06-28,231,0.029147982062780242,0.06283969793166078,1,1,1,10,10,chronological_712,lightgbm,full_safe,42
2311,2025-12-31,2026-01-16,2226.0,2281.0,2371.5610797590534,12.71182412358883,0.05,2024-06-28,231,0.024707996406109656,0.06539132064647513,1,1,1,10,10,chronological_712,lightgbm,full_safe,42
2312,2026-01-05,2026-01-19,2224.0,2281.0,2372.313986912831,12.71182412358883,0.05,2024-06-28,231,0.025629496402877594,0.06668794375576925,1,1,1,10,10,chronological_712,lightgbm,full_safe,42
2313,2026-01-06,2026-01-20,2222.0,2280.0,2369.0702830707305,12.71182412358883,0.05,2024-06-28,231,0.026102610261026005,0.06618824620644936,1,1,1,10,10,chronological_712,lightgbm,full_safe,42
2314,2026-01-07,2026-01-21,2248.0,2283.0,2365.9248770932813,12.71182412358883,0.05,2024-06-28,231,0.01556939501779353,0.05245768553971586,1,1,1,10,10,chronological_712,lightgbm,full_safe,42
2315,2026-01-08,2026-01-22,2266.0,2295.0,2391.548856205893,12.71182412358883,0.05,2024-06-28,231,0.01279788172992058,0.05540549700171815,1,1,1,10,10,chronological_712,lightgbm,full_safe,42
2316,2026-01-09,2026-01-23,2263.0,2300.0,2396.0867348819697,12.71182412358883,0.05,2024-06-28,231,0.016349977905435242,0.05880986958991152,1,1,1,10,10,chronological_712,lightgbm,full_safe,42
2317,2026-01-12,2026-01-26,2290.0,2293.0,2378.058381746801,12.71182412358883,0.05,2024-06-28,231,0.0013100436681223737,0.03845344181082999,1,1,0,10,10,chronological_712,lightgbm,full_safe,42
2318,2026-01-13,2026-01-27,2284.0,2283.0,2379.0923233786916,12.71182412358883,0.05,2024-06-28,231,-0.0004378283712784814,0.04163411706597708,0,1,0,10,10,chronological_712,lightgbm,full_safe,42
2319,2026-01-14,2026-01-28,2272.0,2274.0,2383.2991880859136,12.71182412358883,0.05,2024-06-28,231,0.0008802816901407606,0.04898731869978579,1,1,0,10,10,chronological_712,lightgbm,full_safe,42
2320,2026-01-15,2026-01-29,2295.0,2281.0,2410.443083108076,12.71182412358883,0.05,2024-06-28,231,-0.006100217864923763,0.0503019969969829,0,1,1,10,10,chronological_712,lightgbm,full_safe,42
2321,2026-01-16,2026-01-30,2281.0,2271.0,2410.424201161315,12.71182412358883,0.05,2024-06-28,231,-0.004384042086803985,0.05674011449421967,0,1,1,10,10,chronological_712,lightgbm,full_safe,42
2322,2026-01-19,2026-02-02,2281.0,2261.0,2416.51583042746,12.71182412358883,0.05,2024-06-28,231,-0.008768084173608082,0.05941071040221835,0,1,1,10,10,chronological_712,lightgbm,full_safe,42
2323,2026-01-20,2026-02-03,2280.0,2267.0,2413.7227946645876,12.71182412358883,0.05,2024-06-28,231,-0.0057017543859648745,0.05865034853709972,0,1,1,10,10,chronological_712,lightgbm,full_safe,42
2324,2026-01-21,2026-02-04,2283.0,2271.0,2416.9068365055405,12.71182412358883,0.05,2024-06-28,231,-0.005256241787122251,0.058653892468480295,0,1,1,10,10,chronological_712,lightgbm,full_safe,42
2325,2026-01-22,2026-02-05,2295.0,2273.0,2414.7553004034767,12.71182412358883,0.05,2024-06-28,231,-0.009586056644880214,0.05218095878147122,0,1,1,10,10,chronological_712,lightgbm,full_safe,42
2326,2026-01-23,2026-02-06,2300.0,2279.0,2421.3833296857924,12.71182412358883,0.05,2024-06-28,231,-0.009130434782608665,0.0527753607329533,0,1,1,10,10,chronological_712,lightgbm,full_safe,42
2327,2026-01-26,2026-02-09,2293.0,2274.0,2421.376200098581,12.71182412358883,0.05,2024-06-28,231,-0.008286088094199728,0.05598613174818201,0,1,1,10,10,chronological_712,lightgbm,full_safe,42
2328,2026-01-27,2026-02-10,2283.0,2286.0,2416.4218443477225,12.71182412358883,0.05,2024-06-28,231,0.0013140604467805073,0.058441456131284486,1,1,1,10,10,chronological_712,lightgbm,full_safe,42
2329,2026-01-28,2026-02-11,2274.0,2316.0,2423.0096036752743,12.71182412358883,0.05,2024-06-28,231,0.01846965699208436,0.06552753020020852,1,1,1,10,10,chronological_712,lightgbm,full_safe,42
2330,2026-01-29,2026-02-12,2281.0,2320.0,2418.9562397689115,12.71182412358883,0.05,2024-06-28,231,0.017097764138535698,0.06048059612841361,1,1,1,10,10,chronological_712,lightgbm,full_safe,42
2331,2026-01-30,2026-02-13,2271.0,2320.0,2417.566531153017,12.71182412358883,0.05,2024-06-28,231,0.021576398062527424,0.06453832283268035,1,1,1,10,10,chronological_712,lightgbm,full_safe,42
2332,2026-02-02,2026-02-24,2261.0,2332.0,2416.972794105609,12.71182412358883,0.05,2024-06-28,231,0.03140203449800971,0.06898398677824358,1,1,1,10,10,chronological_712,lightgbm,full_safe,42
2333,2026-02-03,2026-02-25,2267.0,2342.0,2415.083915758369,12.71182412358883,0.05,2024-06-28,231,0.0330833700926334,0.0653215331973398,1,1,1,10,10,chronological_712,lightgbm,full_safe,42
2334,2026-02-04,2026-02-26,2271.0,2342.0,2410.951998495858,12.71182412358883,0.05,2024-06-28,231,0.03126376045794799,0.06162571488148738,1,1,1,10,10,chronological_712,lightgbm,full_safe,42
2335,2026-02-05,2026-02-27,2273.0,2360.0,2416.956249744408,12.71182412358883,0.05,2024-06-28,231,0.038275406951165936,0.06333314990955041,1,1,1,10,10,chronological_712,lightgbm,full_safe,42
2336,2026-02-06,2026-03-02,2279.0,2384.0,2418.309053272396,12.71182412358883,0.05,2024-06-28,231,0.04607283896445802,0.061127272168668645,1,1,1,10,10,chronological_712,lightgbm,full_safe,42
2337,2026-02-09,2026-03-03,2274.0,2373.0,2420.1673312192675,12.71182412358883,0.05,2024-06-28,231,0.04353562005277034,0.06427763026353017,1,1,1,10,10,chronological_712,lightgbm,full_safe,42
2338,2026-02-10,2026-03-04,2286.0,2379.0,2414.5205662103517,12.71182412358883,0.05,2024-06-28,231,0.040682414698162805,0.05622072012701307,1,1,1,10,10,chronological_712,lightgbm,full_safe,42
2339,2026-02-11,2026-03-05,2316.0,2384.0,2412.9579414569353,12.71182412358883,0.05,2024-06-28,231,0.029360967184801412,0.04186439613857318,1,1,0,10,10,chronological_712,lightgbm,full_safe,42
2340,2026-02-12,2026-03-06,2320.0,2393.0,2416.11446725323,12.71182412358883,0.05,2024-06-28,231,0.03146551724137936,0.041428649678116436,1,1,0,10,10,chronological_712,lightgbm,full_safe,42
2341,2026-02-13,2026-03-09,2320.0,2395.0,2408.6929628234407,12.71182412358883,0.05,2024-06-28,231,0.032327586206896575,0.0382297253549313,1,1,0,10,10,chronological_712,lightgbm,full_safe,42
2342,2026-02-24,2026-03-10,2332.0,2381.0,2413.383750773476,12.71182412358883,0.05,2024-06-28,231,0.021012006861063526,0.03489869244145627,1,1,0,10,10,chronological_712,lightgbm,full_safe,42
2343,2026-02-25,2026-03-11,2342.0,2395.0,2416.1653427114293,12.71182412358883,0.05,2024-06-28,231,0.022630230572160626,0.031667524641942446,1,1,0,10,10,chronological_712,lightgbm,full_safe,42
2344,2026-02-26,2026-03-12,2342.0,2396.0,2416.6832915730997,12.71182412358883,0.05,2024-06-28,231,0.02305721605465405,0.03188868128654976,1,1,0,10,10,chronological_712,lightgbm,full_safe,42
2345,2026-02-27,2026-03-13,2360.0,2386.0,2412.2868453396586,12.71182412358883,0.05,2024-06-28,231,0.011016949152542477,0.022155442940533288,1,1,0,10,10,chronological_712,lightgbm,full_safe,42
2346,2026-03-02,2026-03-16,2384.0,2379.0,2428.1991912598432,12.71182412358883,0.05,2024-06-28,231,-0.002097315436241587,0.018539929219732798,0,1,0,10,10,chronological_712,lightgbm,full_safe,42
2347,2026-03-03,2026-03-17,2373.0,2386.0,2428.204252622572,12.71182412358883,0.05,2024-06-28,231,0.0054782975136957734,0.023263486145205237,1,1,0,10,10,chronological_712,lightgbm,full_safe,42
2348,2026-03-04,2026-03-18,2379.0,2382.0,2430.5647259090742,12.71182412358883,0.05,2024-06-28,231,0.0012610340479193294,0.021674958347656315,1,1,0,10,10,chronological_712,lightgbm,full_safe,42
2349,2026-03-05,2026-03-19,2384.0,2384.0,2424.903310457761,12.71182412358883,0.05,2024-06-28,231,0.0,0.017157428883288972,0,1,0,10,10,chronological_712,lightgbm,full_safe,42
2350,2026-03-06,2026-03-20,2393.0,2387.0,2426.812586250897,12.71182412358883,0.05,2024-06-28,231,-0.002507312996239075,0.014129789490554545,0,1,0,10,10,chronological_712,lightgbm,full_safe,42
2351,2026-03-09,2026-03-23,2395.0,2415.0,2432.8323735498957,12.71182412358883,0.05,2024-06-28,231,0.008350730688935215,0.01579639814191891,1,1,0,10,10,chronological_712,lightgbm,full_safe,42
2352,2026-03-10,2026-03-24,2381.0,2383.0,2434.623609497326,12.71182412358883,0.05,2024-06-28,231,0.0008399832003360697,0.0225214655595658,1,1,0,10,10,chronological_712,lightgbm,full_safe,42
2353,2026-03-11,2026-03-25,2395.0,2376.0,2434.071186838021,12.71182412358883,0.05,2024-06-28,231,-0.007933194154488565,0.01631364794906931,0,1,0,10,10,chronological_712,lightgbm,full_safe,42
2354,2026-03-12,2026-03-26,2396.0,2376.0,2431.3575283531914,12.71182412358883,0.05,2024-06-28,231,-0.008347245409014992,0.014756898311014677,0,1,0,10,10,chronological_712,lightgbm,full_safe,42
2355,2026-03-13,2026-03-27,2386.0,2369.0,2421.0507376436235,12.71182412358883,0.05,2024-06-28,231,-0.007124895222129113,0.014690166657008952,0,1,0,10,10,chronological_712,lightgbm,full_safe,42
2356,2026-03-16,2026-03-30,2379.0,2346.0,2417.3617619106803,12.71182412358883,0.05,2024-06-28,231,-0.013871374527112179,0.01612516263584718,0,1,0,10,10,chronological_712,lightgbm,full_safe,42
2357,2026-03-17,2026-03-31,2386.0,2351.0,2443.0538137977155,12.71182412358883,0.05,2024-06-28,231,-0.014668901927912814,0.023911908548916783,0,1,0,10,10,chronological_712,lightgbm,full_safe,42
2358,2026-03-18,2026-04-01,2382.0,2350.0,2481.0228804040444,12.71182412358883,0.05,2024-06-28,231,-0.013434089000839644,0.04157131838960715,0,1,0,10,10,chronological_712,lightgbm,full_safe,42
2359,2026-03-19,2026-04-02,2384.0,2356.0,2487.8202563495806,12.71182412358883,0.05,2024-06-28,231,-0.011744966442952975,0.04354876524730722,0,1,0,10,10,chronological_712,lightgbm,full_safe,42
2360,2026-03-20,2026-04-03,2387.0,2344.0,2487.932982271035,12.71182412358883,0.05,2024-06-28,231,-0.018014243820695386,0.042284450050706024,0,1,0,10,10,chronological_712,lightgbm,full_safe,42
2361,2026-03-23,2026-04-07,2415.0,2343.0,2489.7940707860575,12.71182412358883,0.05,2024-06-28,231,-0.029813664596273326,0.030970629725075582,0,1,0,10,10,chronological_712,lightgbm,full_safe,42
2362,2026-03-24,2026-04-08,2383.0,2345.0,2507.610312496587,12.71182412358883,0.05,2024-06-28,231,-0.015946286193873282,0.05229136067838325,0,1,1,10,10,chronological_712,lightgbm,full_safe,42
2363,2026-03-25,2026-04-09,2376.0,2354.0,2525.610244889893,12.71182412358883,0.05,2024-06-28,231,-0.0092592592592593,0.0629672747853085,0,1,1,10,10,chronological_712,lightgbm,full_safe,42
2364,2026-03-26,2026-04-10,2376.0,2379.0,2534.098809569425,12.71182412358883,0.05,2024-06-28,231,0.0012626262626262985,0.06653990301743473,1,1,1,10,10,chronological_712,lightgbm,full_safe,42
2365,2026-03-27,2026-04-13,2369.0,2373.0,2535.095885836602,12.71182412358883,0.05,2024-06-28,231,0.0016884761502744539,0.07011223547344958,1,1,1,10,10,chronological_712,lightgbm,full_safe,42
2366,2026-03-30,2026-04-14,2346.0,2397.0,2534.565706327726,12.71182412358883,0.05,2024-06-28,231,0.021739130434782705,0.08037753892912436,1,1,1,10,10,chronological_712,lightgbm,full_safe,42
2367,2026-03-31,2026-04-15,2351.0,2390.0,2532.9997984545944,12.71182412358883,0.05,2024-06-28,231,0.016588685665674285,0.07741378071229033,1,1,1,10,10,chronological_712,lightgbm,full_safe,42
2368,2026-04-01,2026-04-16,2350.0,2394.0,2534.480146905999,12.71182412358883,0.05,2024-06-28,231,0.018723404255319043,0.0785021901727656,1,1,1,10,10,chronological_712,lightgbm,full_safe,42
2369,2026-04-02,2026-04-17,2356.0,2402.0,2530.0547038796617,12.71182412358883,0.05,2024-06-28,231,0.019524617996604432,0.07387720877744552,1,1,1,10,10,chronological_712,lightgbm,full_safe,42
2370,2026-04-03,2026-04-20,2344.0,2414.0,2526.6502302565314,12.71182412358883,0.05,2024-06-28,231,0.029863481228668887,0.07792245318111402,1,1,1,10,10,chronological_712,lightgbm,full_safe,42
2371,2026-04-07,2026-04-21,2343.0,2432.0,2539.949704936652,12.71182412358883,0.05,2024-06-28,231,0.037985488689713964,0.08405877291363706,1,1,1,10,10,chronological_712,lightgbm,full_safe,42
2372,2026-04-08,2026-04-22,2345.0,2434.0,2549.19335988494,12.71182412358883,0.05,2024-06-28,231,0.03795309168443506,0.08707605965242649,1,1,1,10,10,chronological_712,lightgbm,full_safe,42
2373,2026-04-09,2026-04-23,2354.0,2426.0,2547.3962835145176,12.71182412358883,0.05,2024-06-28,231,0.030586236193712812,0.08215645009112893,1,1,1,10,10,chronological_712,lightgbm,full_safe,42
2374,2026-04-10,2026-04-24,2379.0,2417.0,2541.77285760782,12.71182412358883,0.05,2024-06-28,231,0.015973097940310987,0.06842070517352661,1,1,1,10,10,chronological_712,lightgbm,full_safe,42
2375,2026-04-13,2026-04-27,2373.0,2427.0,2562.2298829454603,12.71182412358883,0.05,2024-06-28,231,0.022756005056890016,0.07974289209669627,1,1,1,10,10,chronological_712,lightgbm,full_safe,42
2376,2026-04-14,2026-04-28,2397.0,2429.0,2559.495214787472,12.71182412358883,0.05,2024-06-28,231,0.013350020859407508,0.06779107834270826,1,1,1,10,10,chronological_712,lightgbm,full_safe,42
2377,2026-04-15,2026-04-29,2390.0,2431.0,2562.404922757832,12.71182412358883,0.05,2024-06-28,231,0.017154811715481166,0.07213595094469971,1,1,1,10,10,chronological_712,lightgbm,full_safe,42
2378,2026-04-16,2026-04-30,2394.0,2427.0,2565.3671700901245,12.71182412358883,0.05,2024-06-28,231,0.013784461152882121,0.07158194239353577,1,1,1,10,10,chronological_712,lightgbm,full_safe,42
2379,2026-04-17,2026-05-06,2402.0,2391.0,2560.872601626348,12.71182412358883,0.05,2024-06-28,231,-0.004579517069109085,0.06614179917832974,0,1,1,10,10,chronological_712,lightgbm,full_safe,42
2380,2026-04-20,2026-05-07,2414.0,2377.0,2568.2031989918814,12.71182412358883,0.05,2024-06-28,231,-0.015327257663628857,0.06387870712174037,0,1,1,10,10,chronological_712,lightgbm,full_safe,42
2381,2026-04-21,2026-05-08,2432.0,2365.0,2583.840985004562,12.71182412358883,0.05,2024-06-28,231,-0.027549342105263164,0.062434615544638916,0,1,1,10,10,chronological_712,lightgbm,full_safe,42
2382,2026-04-22,2026-05-11,2434.0,2353.0,2589.5939396218632,12.71182412358883,0.05,2024-06-28,231,-0.03327855382087097,0.0639252011593523,0,1,1,10,10,chronological_712,lightgbm,full_safe,42
2383,2026-04-23,2026-05-12,2426.0,2359.0,2588.5528572548787,12.71182412358883,0.05,2024-06-28,231,-0.02761747732893649,0.06700447537299214,0,1,1,10,10,chronological_712,lightgbm,full_safe,42
2384,2026-04-24,2026-05-13,2417.0,2378.0,2590.586420350221,12.71182412358883,0.05,2024-06-28,231,-0.016135705419942026,0.07181895753008738,0,1,1,10,10,chronological_712,lightgbm,full_safe,42
2385,2026-04-27,2026-05-14,2427.0,2367.0,2585.497352027326,12.71182412358883,0.05,2024-06-28,231,-0.024721878862793534,0.06530587228155182,0,1,1,10,10,chronological_712,lightgbm,full_safe,42
2386,2026-04-28,2026-05-15,2429.0,2355.0,2582.3620417820202,12.71182412358883,0.05,2024-06-28,231,-0.03046521202140795,0.06313793403953083,0,1,1,10,10,chronological_712,lightgbm,full_safe,42
2387,2026-04-29,2026-05-18,2431.0,2353.0,2570.869126266868,12.71182412358883,0.05,2024-06-28,231,-0.03208556149732622,0.05753563400529327,0,1,1,10,10,chronological_712,lightgbm,full_safe,42
2388,2026-04-30,2026-05-19,2427.0,2365.0,2570.389602405289,12.71182412358883,0.05,2024-06-28,231,-0.025545941491553315,0.059081006347461607,0,1,1,10,10,chronological_712,lightgbm,full_safe,42
2389,2026-05-06,2026-05-20,2391.0,2351.0,2557.1937408837316,12.71182412358883,0.05,2024-06-28,231,-0.01672940192388117,0.06950804721193293,0,1,1,10,10,chronological_712,lightgbm,full_safe,42
2390,2026-05-07,2026-05-21,2377.0,2324.0,2516.295950220802,12.71182412358883,0.05,2024-06-28,231,-0.022297013041649105,0.05860157771173835,0,1,1,10,10,chronological_712,lightgbm,full_safe,42
2391,2026-05-08,2026-05-22,2365.0,2331.0,2521.275412387533,12.71182412358883,0.05,2024-06-28,231,-0.014376321353065546,0.06607839847252972,0,1,1,10,10,chronological_712,lightgbm,full_safe,42
2392,2026-05-11,2026-05-25,2353.0,2327.0,2509.0388886134588,12.71182412358883,0.05,2024-06-28,231,-0.011049723756906049,0.06631486978897527,0,1,1,10,10,chronological_712,lightgbm,full_safe,42
2393,2026-05-12,2026-05-26,2359.0,2316.0,2494.2053602838673,12.71182412358883,0.05,2024-06-28,231,-0.01822806273844846,0.05731469278671786,0,1,1,10,10,chronological_712,lightgbm,full_safe,42
2394,2026-05-13,2026-05-27,2378.0,2311.0,2489.139436155916,12.71182412358883,0.05,2024-06-28,231,-0.028174936921782967,0.04673651646590238,0,1,0,10,10,chronological_712,lightgbm,full_safe,42
2395,2026-05-14,2026-05-28,2367.0,2310.0,2466.883526819447,12.71182412358883,0.05,2024-06-28,231,-0.02408111533586821,0.04219836367530516,0,1,0,10,10,chronological_712,lightgbm,full_safe,42
2396,2026-05-15,2026-05-29,2355.0,2322.0,2453.1658607569734,12.71182412358883,0.05,2024-06-28,231,-0.014012738853503182,0.04168401730657045,0,1,0,10,10,chronological_712,lightgbm,full_safe,42
2397,2026-05-18,2026-06-01,2353.0,2330.0,2441.8794763139595,12.71182412358883,0.05,2024-06-28,231,-0.009774755631109189,0.03777283311260504,0,1,0,10,10,chronological_712,lightgbm,full_safe,42
2398,2026-05-19,2026-06-02,2365.0,2333.0,2427.9448626119015,12.71182412358883,0.05,2024-06-28,231,-0.013530655391120527,0.026615163895095773,0,1,0,10,10,chronological_712,lightgbm,full_safe,42
2399,2026-05-20,2026-06-03,2351.0,2307.0,2429.0274651166437,12.71182412358883,0.05,2024-06-28,231,-0.01871544023819649,0.033189053643829736,0,1,0,10,10,chronological_712,lightgbm,full_safe,42
2400,2026-05-21,2026-06-04,2324.0,2300.0,2421.754637385957,12.71182412358883,0.05,2024-06-28,231,-0.0103270223752151,0.04206309698190913,0,1,0,10,10,chronological_712,lightgbm,full_safe,42
2401,2026-05-22,2026-06-05,2331.0,2323.0,2420.3955936210473,12.71182412358883,0.05,2024-06-28,231,-0.00343200343200345,0.03835074801417737,0,1,0,10,10,chronological_712,lightgbm,full_safe,42
2402,2026-05-25,2026-06-08,2327.0,2332.0,2423.3544265298206,12.71182412358883,0.05,2024-06-28,231,0.0021486892995272733,0.04140714504934273,1,1,0,10,10,chronological_712,lightgbm,full_safe,42
2403,2026-05-26,2026-06-09,2316.0,2339.0,2424.161567977058,12.71182412358883,0.05,2024-06-28,231,0.00993091537132984,0.04670188600045688,1,1,0,10,10,chronological_712,lightgbm,full_safe,42
2404,2026-05-27,2026-06-10,2311.0,2335.0,2419.6027852890174,12.71182412358883,0.05,2024-06-28,231,0.010385114668974404,0.046993849108185826,1,1,0,10,10,chronological_712,lightgbm,full_safe,42
2405,2026-05-28,2026-06-11,2310.0,2346.0,2421.6004765825182,12.71182412358883,0.05,2024-06-28,231,0.01558441558441559,0.04831189462446672,1,1,0,10,10,chronological_712,lightgbm,full_safe,42
2406,2026-05-29,2026-06-12,2322.0,2351.0,2422.4553969967924,12.71182412358883,0.05,2024-06-28,231,0.01248923341946595,0.043262444873726214,1,1,0,10,10,chronological_712,lightgbm,full_safe,42
2407,2026-06-01,2026-06-15,2330.0,2320.0,2423.3564001544073,12.71182412358883,0.05,2024-06-28,231,-0.0042918454935622075,0.040067124529788556,0,1,0,10,10,chronological_712,lightgbm,full_safe,42
2408,2026-06-02,2026-06-16,2333.0,2325.0,2422.8244065803474,12.71182412358883,0.05,2024-06-28,231,-0.0034290612944706256,0.03850167448793296,0,1,0,10,10,chronological_712,lightgbm,full_safe,42
2409,2026-06-03,2026-06-17,2307.0,2323.0,2426.665181759368,12.71182412358883,0.05,2024-06-28,231,0.00693541395752062,0.051870473237697334,1,1,1,10,10,chronological_712,lightgbm,full_safe,42
2410,2026-06-04,2026-06-18,2300.0,2329.0,2441.7641974423072,12.71182412358883,0.05,2024-06-28,231,0.012608695652173818,0.06163660758361189,1,1,1,10,10,chronological_712,lightgbm,full_safe,42
2411,2026-06-05,2026-06-22,2323.0,2327.0,2440.542555622292,12.71182412358883,0.05,2024-06-28,231,0.0017219113215669601,0.05059946432298412,1,1,1,10,10,chronological_712,lightgbm,full_safe,42
2412,2026-06-08,2026-06-23,2332.0,2315.0,2443.2603762742274,12.71182412358883,0.05,2024-06-28,231,-0.007289879931389409,0.04771028142119538,0,1,0,10,10,chronological_712,lightgbm,full_safe,42
2413,2026-06-09,2026-06-24,2339.0,2326.0,2440.0783290053105,12.71182412358883,0.05,2024-06-28,231,-0.0055579307396322886,0.043214334760714124,0,1,0,10,10,chronological_712,lightgbm,full_safe,42
2414,2026-06-10,2026-06-25,2335.0,2301.0,2452.1135364569604,12.71182412358883,0.05,2024-06-28,231,-0.0145610278372591,0.050155690131460595,0,1,1,10,10,chronological_712,lightgbm,full_safe,42
2415,2026-06-11,2026-06-26,2346.0,2323.0,2451.9791070025844,12.71182412358883,0.05,2024-06-28,231,-0.009803921568627416,0.04517438491158754,0,1,0,10,10,chronological_712,lightgbm,full_safe,42
